2024-01-16,10:00:00,283.8,288.8,283.6,287.2,3544700
2024-01-16,10:30:00,287.0,287.2,285.0,285.4,1583900
2024-01-16,11:00:00,285.4,285.4,282.6,284.0,1746400
2024-01-16,11:30:00,284.0,284.2,281.4,281.4,1787300
2024-01-16,12:00:00,281.4,282.4,280.8,281.6,1077500
2024-01-16,13:30:00,281.6,282.0,280.2,281.0,2181100
2024-01-16,14:00:00,281.0,281.6,280.2,280.6,1137900
2024-01-16,14:30:00,280.6,282.2,280.0,281.4,2150200
2024-01-16,15:00:00,281.4,283.6,281.2,283.4,1577300
2024-01-16,15:30:00,283.2,284.2,282.6,283.2,1516300
2024-01-16,16:00:00,283.4,283.6,282.4,282.4,3518100
2024-01-17,10:00:00,277.0,278.8,274.2,276.0,7983400
2024-01-17,10:30:00,276.0,276.4,272.4,274.6,4013100
2024-01-17,11:00:00,274.6,275.4,273.4,274.8,1705000
2024-01-17,11:30:00,274.8,274.8,273.0,274.2,1507900
2024-01-17,12:00:00,274.2,274.2,273.4,274.2,829300
2024-01-17,13:30:00,274.0,274.6,273.6,274.0,1663600
2024-01-17,14:00:00,274.0,275.2,273.6,274.2,2432100
2024-01-17,14:30:00,274.2,274.4,272.4,273.4,3082800
2024-01-17,15:00:00,273.4,274.0,272.4,273.4,2584300
2024-01-17,15:30:00,273.4,273.6,272.2,273.0,2832900
2024-01-17,16:00:00,273.0,275.4,272.8,274.6,6886900
2024-01-18,10:00:00,274.6,276.8,271.2,275.8,5268300
2024-01-18,10:30:00,275.6,275.8,272.2,273.4,2057000
2024-01-18,11:00:00,273.2,274.6,271.2,272.8,1434000
2024-01-18,11:30:00,272.8,274.6,272.0,273.6,1290000
2024-01-18,12:00:00,273.6,276.2,273.4,275.2,1049100
2024-01-18,13:30:00,275.2,275.4,273.6,274.0,1195400
2024-01-18,14:00:00,274.0,275.0,273.2,274.6,1150400
2024-01-18,14:30:00,274.4,276.4,274.4,276.0,1947200
2024-01-18,15:00:00,276.0,279.2,275.2,277.2,2166500
2024-01-18,15:30:00,277.2,278.6,276.6,278.2,1999700
2024-01-18,16:00:00,278.0,278.8,277.6,277.6,4862200
2024-01-19,10:00:00,275.0,282.6,274.6,281.6,4499400
2024-01-19,10:30:00,281.6,281.8,277.8,277.8,2471200
2024-01-19,11:00:00,277.8,278.0,276.0,276.2,1406200
2024-01-19,11:30:00,276.2,277.2,273.6,273.6,1612300
2024-01-19,12:00:00,273.6,274.6,272.6,273.4,1436900
2024-01-19,13:30:00,273.4,275.0,271.6,272.2,2262400
2024-01-19,14:00:00,272.2,273.0,270.0,270.0,1656500
2024-01-19,14:30:00,270.0,270.8,268.6,269.6,3133800
2024-01-19,15:00:00,269.6,270.4,268.2,268.4,1414400
2024-01-19,15:30:00,268.4,271.2,268.4,269.8,1893800
2024-01-19,16:00:00,269.8,272.2,269.6,271.2,4969100
2024-01-22,10:00:00,270.6,271.6,265.2,265.6,5571700
2024-01-22,10:30:00,265.6,267.0,263.8,264.0,3824000
2024-01-22,11:00:00,264.0,265.4,263.4,263.6,1842300
2024-01-22,11:30:00,263.6,264.2,262.2,262.4,2136500
2024-01-22,12:00:00,262.2,263.6,262.2,263.6,1151700
2024-01-22,13:30:00,263.8,264.6,262.2,263.4,2798400
2024-01-22,14:00:00,263.4,264.4,263.0,263.8,1703300
2024-01-22,14:30:00,263.8,264.6,261.4,262.0,2387400
2024-01-22,15:00:00,261.8,262.4,260.2,261.6,3721900
2024-01-22,15:30:00,261.6,262.0,260.8,261.8,2420600
2024-01-22,16:00:00,261.8,263.2,261.0,262.2,5838500
2024-01-23,10:00:00,266.8,270.0,263.2,270.0,6764900
2024-01-23,10:30:00,269.8,277.2,267.8,275.4,7220600
2024-01-23,11:00:00,275.6,278.2,270.6,271.0,4306800
2024-01-23,11:30:00,271.0,272.6,270.0,272.2,2065400
2024-01-23,12:00:00,272.2,273.8,271.4,272.8,1229000
2024-01-23,13:30:00,272.8,274.6,271.0,273.6,2386700
2024-01-23,14:00:00,273.6,274.2,272.2,274.0,1502600
2024-01-23,14:30:00,274.0,275.6,273.8,274.8,2058400
2024-01-23,15:00:00,274.8,274.8,272.2,272.4,1380300
2024-01-23,15:30:00,272.4,273.4,272.0,272.4,1787300
2024-01-23,16:00:00,272.4,273.0,270.6,272.0,4652800
2024-01-24,10:00:00,279.6,280.0,275.2,275.6,8946600
2024-01-24,10:30:00,275.6,278.0,275.2,277.0,3171400
2024-01-24,11:00:00,277.2,278.2,276.4,276.6,1839100
2024-01-24,11:30:00,276.6,276.8,274.6,275.6,2255400
2024-01-24,12:00:00,275.4,275.6,273.0,273.4,1027900
2024-01-24,13:30:00,273.4,276.0,272.2,275.8,2049200
2024-01-24,14:00:00,275.8,277.4,275.4,276.6,1610600
2024-01-24,14:30:00,276.6,277.6,275.2,277.0,1618800
2024-01-24,15:00:00,277.2,278.6,276.8,277.6,1606800
2024-01-24,15:30:00,277.6,279.0,277.2,278.8,1276500
2024-01-24,16:00:00,278.8,284.4,278.6,281.8,8401300
2024-01-25,10:00:00,285.0,285.0,280.8,284.6,6677693
2024-01-25,10:30:00,284.6,285.4,283.6,285.0,2647100
2024-01-25,11:00:00,285.0,286.0,284.2,285.6,1427200
2024-01-25,11:30:00,285.4,287.6,285.4,287.2,2414600
2024-01-25,12:00:00,287.4,290.6,287.2,289.6,2722600
2024-01-25,13:30:00,289.6,292.0,288.4,291.4,3861900
2024-01-25,14:00:00,291.4,291.6,290.0,290.0,2875600
2024-01-25,14:30:00,290.0,292.0,290.0,291.6,2009400
2024-01-25,15:00:00,291.6,291.8,290.0,290.8,1902700
2024-01-25,15:30:00,290.8,291.4,290.0,290.4,1994200
2024-01-25,16:00:00,290.6,290.8,289.4,290.8,5499900
2024-01-26,10:00:00,288.2,290.2,286.4,287.6,3123500
2024-01-26,10:30:00,287.6,289.6,286.6,288.6,1529900
2024-01-26,11:00:00,288.6,289.6,287.0,287.4,1313300
2024-01-26,11:30:00,287.4,288.2,286.8,286.8,714600
2024-01-26,12:00:00,286.8,287.0,285.4,286.0,1025700
2024-01-26,13:30:00,286.2,286.6,285.4,285.8,1324600
2024-01-26,14:00:00,285.8,287.0,285.6,286.2,1350600
2024-01-26,14:30:00,286.2,286.2,281.8,282.0,3279700
2024-01-26,15:00:00,282.2,285.8,281.4,284.2,2653900
2024-01-26,15:30:00,284.2,285.6,282.0,283.0,2413400
2024-01-26,16:00:00,283.2,283.2,281.2,282.8,4468500
2024-01-29,10:00:00,286.0,288.4,284.2,285.6,3410300
2024-01-29,10:30:00,285.6,286.8,283.2,285.0,1586400
2024-01-29,11:00:00,284.8,285.4,283.8,284.8,964000
2024-01-29,11:30:00,285.0,285.8,284.0,284.4,867700
2024-01-29,12:00:00,284.4,285.2,281.2,282.2,1192800
2024-01-29,13:30:00,282.4,283.0,279.4,281.2,2017600
2024-01-29,14:00:00,281.0,281.4,279.8,280.6,1233900
2024-01-29,14:30:00,280.6,282.4,280.2,281.2,1143900
2024-01-29,15:00:00,281.2,281.6,279.8,280.0,1117000
2024-01-29,15:30:00,280.0,281.6,279.6,281.0,1650600
2024-01-29,16:00:00,280.8,282.8,280.2,282.0,4461400
2024-01-30,10:00:00,277.2,280.0,275.2,276.2,3632200
2024-01-30,10:30:00,276.4,276.4,274.2,274.8,2017400
2024-01-30,11:00:00,274.6,275.4,273.4,274.4,2433800
2024-01-30,11:30:00,274.2,275.0,273.8,274.8,1111600
2024-01-30,12:00:00,275.0,275.2,274.2,274.8,713600
2024-01-30,13:30:00,274.6,274.8,273.8,274.6,1201000
2024-01-30,14:00:00,274.4,276.6,274.4,274.8,1614900
2024-01-30,14:30:00,274.6,275.6,274.6,275.2,1229500
2024-01-30,15:00:00,275.2,275.6,274.0,274.4,989000
2024-01-30,15:30:00,274.4,274.4,273.2,273.8,1718600
2024-01-30,16:00:00,273.8,274.0,273.0,273.8,4831500
2024-01-31,10:00:00,273.8,278.0,272.2,272.6,3174600
2024-01-31,10:30:00,272.6,273.4,270.6,270.6,1964000
2024-01-31,11:00:00,270.6,272.0,269.4,271.6,1683600
2024-01-31,11:30:00,271.4,273.4,271.4,272.0,1298200
2024-01-31,12:00:00,271.8,272.2,270.6,272.2,517200
2024-01-31,13:30:00,272.0,273.2,269.8,271.0,1429800
2024-01-31,14:00:00,271.0,271.0,269.6,270.4,827900
2024-01-31,14:30:00,270.2,271.2,269.0,269.6,1086100
2024-01-31,15:00:00,269.8,271.0,269.2,269.4,863900
2024-01-31,15:30:00,269.4,269.8,268.6,269.2,1049400
2024-01-31,16:00:00,269.2,270.6,268.4,270.6,5967800
2024-02-01,10:00:00,270.0,271.8,268.0,269.8,2732000
2024-02-01,10:30:00,269.8,276.4,269.8,275.8,2112800
2024-02-01,11:00:00,275.8,277.8,274.0,274.8,1742500
2024-02-01,11:30:00,274.8,277.8,274.6,276.4,1012300
2024-02-01,12:00:00,276.6,276.6,275.0,275.2,387900
2024-02-01,13:30:00,275.2,275.4,273.4,274.0,876400
2024-02-01,14:00:00,274.0,275.0,271.0,271.2,1367400
2024-02-01,14:30:00,271.0,272.4,269.6,270.2,1167300
2024-02-01,15:00:00,270.4,271.6,270.4,270.4,869700
2024-02-01,15:30:00,270.4,271.2,269.8,271.2,945500
2024-02-01,16:00:00,271.2,271.6,270.0,271.6,3240900
2024-02-02,10:00:00,284.6,287.6,280.6,282.8,11540800
2024-02-02,10:30:00,282.8,285.0,282.0,283.2,3414700
2024-02-02,11:00:00,283.4,284.0,281.8,282.8,1788500
2024-02-02,11:30:00,282.8,283.4,279.4,279.6,1826300
2024-02-02,12:00:00,279.6,281.0,279.0,280.4,958200
2024-02-02,13:30:00,280.6,280.6,277.4,278.4,1953200
2024-02-02,14:00:00,278.6,278.6,275.8,275.8,1219700
2024-02-02,14:30:00,275.8,279.2,275.0,279.2,1672800
2024-02-02,15:00:00,279.2,280.4,278.4,278.8,1237800
2024-02-02,15:30:00,278.8,280.0,278.2,279.6,1371200
2024-02-02,16:00:00,279.8,279.8,278.8,279.4,3785000
2024-02-05,10:00:00,278.4,278.4,274.2,275.4,3806300
2024-02-05,10:30:00,275.4,277.0,274.6,275.0,1942300
2024-02-05,11:00:00,274.8,276.0,273.8,274.0,1670400
2024-02-05,11:30:00,274.2,278.6,273.8,277.0,1814700
2024-02-05,12:00:00,277.0,278.4,276.4,278.0,595300
2024-02-05,13:30:00,278.2,283.4,277.2,281.6,2425200
2024-02-05,14:00:00,281.6,282.8,281.0,282.2,1516200
2024-02-05,14:30:00,282.0,282.6,279.8,281.0,1238700
2024-02-05,15:00:00,281.0,281.0,279.0,279.6,1103100
2024-02-05,15:30:00,279.6,280.8,278.8,280.2,1131300
2024-02-05,16:00:00,280.2,280.4,279.2,279.6,3092600
2024-02-06,10:00:00,279.8,285.0,279.6,283.8,4239800
2024-02-06,10:30:00,283.8,284.8,282.6,283.4,2467200
2024-02-06,11:00:00,283.4,286.2,283.4,283.8,1912500
2024-02-06,11:30:00,284.0,285.0,283.6,285.0,890800
2024-02-06,12:00:00,284.8,286.0,284.8,286.0,923800
2024-02-06,13:30:00,286.0,292.0,286.0,290.4,6122600
2024-02-06,14:00:00,290.4,292.6,289.4,289.8,3408400
2024-02-06,14:30:00,289.8,290.2,289.0,289.6,1478700
2024-02-06,15:00:00,289.4,291.2,288.6,290.8,1260600
2024-02-06,15:30:00,290.8,291.6,289.2,291.4,1885400
2024-02-06,16:00:00,291.4,291.6,290.0,290.8,4202800
2024-02-07,10:00:00,295.0,297.0,292.8,295.8,6406600
2024-02-07,10:30:00,295.8,297.0,293.8,294.2,3758600
2024-02-07,11:00:00,294.2,294.6,293.2,293.8,2237700
2024-02-07,11:30:00,293.8,294.0,291.0,292.0,1905600
2024-02-07,12:00:00,292.0,292.2,288.8,289.8,1155100
2024-02-07,13:30:00,289.8,291.8,288.8,289.8,1807300
2024-02-07,14:00:00,290.0,291.6,289.6,290.8,1007400
2024-02-07,14:30:00,290.6,290.6,289.2,289.2,1239900
2024-02-07,15:00:00,289.4,291.2,289.2,291.0,1089200
2024-02-07,15:30:00,291.2,293.0,291.0,292.2,1624700
2024-02-07,16:00:00,292.4,292.6,290.4,292.2,3662200
2024-02-08,10:00:00,290.0,293.2,289.0,291.8,3594500
2024-02-08,10:30:00,292.0,292.8,290.0,290.2,1708400
2024-02-08,11:00:00,290.0,290.2,286.6,287.4,2065800
2024-02-08,11:30:00,287.4,289.2,287.2,287.8,887400
2024-02-08,12:00:00,287.6,289.0,287.6,289.0,520600
2024-02-08,13:30:00,289.0,289.2,287.0,287.2,1522600
2024-02-08,14:00:00,287.2,287.4,286.4,287.0,1685000
2024-02-08,14:30:00,287.0,287.6,286.6,287.2,856300
2024-02-08,15:00:00,287.0,287.4,286.4,286.6,937100
2024-02-08,15:30:00,286.8,288.2,286.4,287.4,1243900
2024-02-08,16:00:00,287.6,287.6,286.4,287.2,2638900
2024-02-09,10:00:00,284.6,285.6,281.6,281.6,1696900
2024-02-09,10:30:00,281.6,284.0,281.4,283.4,1087700
2024-02-09,11:00:00,283.4,284.4,282.6,283.8,837400
2024-02-09,11:30:00,283.8,285.8,283.6,283.6,791000
2024-02-09,12:00:00,283.6,287.4,283.6,287.2,1896100
2024-02-14,10:00:00,287.0,287.2,282.0,285.4,3485600
2024-02-14,10:30:00,285.4,286.6,283.8,284.2,744200
2024-02-14,11:00:00,284.2,288.0,284.2,288.0,1129800
2024-02-14,11:30:00,288.0,289.6,287.2,289.4,607400
2024-02-14,12:00:00,289.4,291.2,289.0,290.8,938200
2024-02-14,13:30:00,290.8,291.0,288.2,289.0,705600
2024-02-14,14:00:00,289.0,289.4,288.4,289.2,406400
2024-02-14,14:30:00,289.0,290.8,289.0,290.4,587200
2024-02-14,15:00:00,290.4,290.8,290.0,290.8,443900
2024-02-14,15:30:00,290.8,291.0,290.2,290.8,379500
2024-02-14,16:00:00,290.6,291.0,289.8,290.0,2132800
2024-02-15,10:00:00,288.6,290.0,286.0,286.6,2444500
2024-02-15,10:30:00,286.6,286.8,285.2,286.6,1191500
2024-02-15,11:00:00,286.6,288.6,286.2,287.6,718500
2024-02-15,11:30:00,287.8,289.4,287.2,288.8,1031400
2024-02-15,12:00:00,288.8,288.8,287.4,287.4,539900
2024-02-15,13:30:00,287.8,287.8,285.4,285.4,938200
2024-02-15,14:00:00,285.4,286.6,285.2,285.6,710300
2024-02-15,14:30:00,285.6,286.0,285.2,285.4,672300
2024-02-15,15:00:00,285.4,286.4,285.0,286.2,898700
2024-02-15,15:30:00,286.4,286.4,285.4,286.4,1217000
2024-02-15,16:00:00,286.4,286.4,285.2,285.4,2201800
2024-02-16,10:00:00,285.6,287.6,280.4,282.6,3206400
2024-02-16,10:30:00,282.6,283.0,280.8,282.8,1391000
2024-02-16,11:00:00,282.8,285.0,282.6,284.8,951400
2024-02-16,11:30:00,285.0,285.6,284.2,284.8,739700
2024-02-16,12:00:00,284.6,286.8,284.6,286.8,740000
2024-02-16,13:30:00,286.6,290.0,286.4,289.6,2438100
2024-02-16,14:00:00,289.4,290.6,289.0,289.6,986200
2024-02-16,14:30:00,289.6,291.4,289.6,290.0,1262600
2024-02-16,15:00:00,290.2,291.4,289.4,291.4,1171300
2024-02-16,15:30:00,291.4,291.8,290.4,290.4,1006200
2024-02-16,16:00:00,290.4,291.8,289.8,291.8,3161400
2024-02-19,10:00:00,291.4,291.4,286.0,286.8,3618400
2024-02-19,10:30:00,286.8,289.0,286.0,288.8,1638200
2024-02-19,11:00:00,288.6,288.8,285.6,285.8,1422200
2024-02-19,11:30:00,285.6,287.0,285.4,286.4,933200
2024-02-19,12:00:00,286.4,286.4,285.4,285.8,809500
2024-02-19,13:30:00,286.0,286.4,284.2,285.0,1140500
2024-02-19,14:00:00,285.2,285.2,283.8,284.0,1220100
2024-02-19,14:30:00,284.0,285.6,283.8,285.2,966400
2024-02-19,15:00:00,285.2,286.0,285.0,285.0,576700
2024-02-19,15:30:00,285.2,285.4,284.0,285.0,645400
2024-02-19,16:00:00,285.0,285.4,284.6,284.8,1746700
2024-02-20,10:00:00,287.0,287.8,280.4,282.0,3217400
2024-02-20,10:30:00,281.8,283.8,281.4,282.6,1370300
2024-02-20,11:00:00,282.8,283.2,282.0,282.6,798100
2024-02-20,11:30:00,282.4,282.8,282.0,282.2,707300
2024-02-20,12:00:00,282.2,282.4,281.6,282.0,571900
2024-02-20,13:30:00,282.0,282.4,281.2,282.0,867600
2024-02-20,14:00:00,281.8,283.0,281.6,282.4,632500
2024-02-20,14:30:00,282.4,283.4,282.4,282.4,1008600
2024-02-20,15:00:00,282.4,283.0,281.8,282.0,1070200
2024-02-20,15:30:00,282.2,283.0,281.6,281.8,948269
2024-02-20,16:00:00,281.8,284.2,281.0,284.2,4576700
2024-02-21,10:00:00,280.8,288.0,280.8,288.0,3489800
2024-02-21,10:30:00,287.8,288.6,286.6,288.4,2056700
2024-02-21,11:00:00,288.4,290.4,287.8,289.6,2620200
2024-02-21,11:30:00,289.6,291.2,289.0,290.8,2441800
2024-02-21,12:00:00,290.8,293.6,290.0,292.8,1861300
2024-02-21,13:30:00,292.8,294.6,291.8,292.4,2896800
2024-02-21,14:00:00,292.6,293.0,291.4,292.0,1431900
2024-02-21,14:30:00,292.0,292.4,289.8,290.6,1241800
2024-02-21,15:00:00,290.4,291.4,289.8,290.2,813400
2024-02-21,15:30:00,290.0,290.4,288.8,289.2,1099500
2024-02-21,16:00:00,289.2,289.6,288.4,288.8,3713200
2024-02-22,10:00:00,288.2,290.8,288.2,289.4,2106050
2024-02-22,10:30:00,289.4,289.8,286.8,288.6,959600
2024-02-22,11:00:00,288.6,290.0,288.2,289.8,691300
2024-02-22,11:30:00,289.8,290.0,288.0,288.8,762200
2024-02-22,12:00:00,288.8,289.0,288.0,288.8,391200
2024-02-22,13:30:00,288.8,290.4,288.4,290.2,1128500
2024-02-22,14:00:00,290.4,290.6,289.6,290.0,1207600
2024-02-22,14:30:00,289.8,290.0,288.6,289.4,775100
2024-02-22,15:00:00,289.4,289.8,289.2,289.4,589100
2024-02-22,15:30:00,289.4,290.2,289.4,290.0,1088500
2024-02-22,16:00:00,290.2,291.4,289.8,291.4,2426500
2024-02-23,10:00:00,290.0,296.4,289.6,293.8,3082300
2024-02-23,10:30:00,293.8,293.8,289.8,290.0,1221200
2024-02-23,11:00:00,290.0,290.4,288.8,289.2,1330900
2024-02-23,11:30:00,289.2,289.2,287.0,288.0,1310400
2024-02-23,12:00:00,287.8,288.2,287.4,287.8,526700
2024-02-23,13:30:00,287.8,290.2,287.4,289.8,1322400
2024-02-23,14:00:00,289.8,290.2,289.2,289.8,555800
2024-02-23,14:30:00,289.8,290.8,289.2,290.8,695300
2024-02-23,15:00:00,290.8,291.0,290.2,291.0,551000
2024-02-23,15:30:00,291.0,291.2,289.8,290.8,614700
2024-02-23,16:00:00,290.8,291.0,290.2,290.8,1964800
2024-02-26,10:00:00,287.4,290.2,286.0,286.4,3318100
2024-02-26,10:30:00,286.6,287.2,285.4,285.6,1480000
2024-02-26,11:00:00,285.6,287.0,285.4,286.0,783700
2024-02-26,11:30:00,286.2,286.6,285.6,286.0,776900
2024-02-26,12:00:00,286.2,286.2,285.8,286.2,178900
2024-02-26,13:30:00,286.0,287.8,285.8,287.2,950800
2024-02-26,14:00:00,287.4,287.8,286.6,286.6,552600
2024-02-26,14:30:00,286.6,286.8,285.8,286.4,665700
2024-02-26,15:00:00,286.6,286.6,285.6,286.2,608100
2024-02-26,15:30:00,286.2,286.4,285.4,286.0,905600
2024-02-26,16:00:00,285.8,287.2,285.8,287.2,2087000
2024-02-27,10:00:00,286.2,286.2,282.0,282.4,3890700
2024-02-27,10:30:00,282.6,283.2,279.2,280.0,3342800
2024-02-27,11:00:00,279.8,280.0,278.2,279.2,2327500
2024-02-27,11:30:00,279.2,280.8,279.2,279.8,1469400
2024-02-27,12:00:00,279.8,280.8,279.6,280.6,619100
2024-02-27,13:30:00,280.6,282.8,280.0,281.8,1741900
2024-02-27,14:00:00,281.8,282.4,280.8,281.0,1009100
2024-02-27,14:30:00,281.0,282.6,280.6,282.4,1048700
2024-02-27,15:00:00,282.4,283.4,281.0,282.0,1510500
2024-02-27,15:30:00,282.0,283.8,280.8,282.6,2533800
2024-02-27,16:00:00,282.8,284.8,282.4,284.6,4102300
2024-02-28,10:00:00,285.0,285.8,280.0,283.0,4410200
2024-02-28,10:30:00,283.2,284.4,281.6,283.0,2019200
2024-02-28,11:00:00,283.4,283.4,280.6,280.8,1941300
2024-02-28,11:30:00,281.0,282.6,279.4,280.6,2482800
2024-02-28,12:00:00,280.8,282.2,280.0,280.2,1176100
2024-02-28,13:30:00,280.4,281.4,279.6,279.8,1397300
2024-02-28,14:00:00,280.0,280.0,279.2,279.2,1108400
2024-02-28,14:30:00,279.4,279.6,277.2,278.2,3378600
2024-02-28,15:00:00,278.4,278.6,276.4,276.4,1960800
2024-02-28,15:30:00,276.8,277.4,276.4,276.6,1957900
2024-02-28,16:00:00,276.6,277.6,276.4,277.0,3865500
2024-02-29,10:00:00,275.2,278.4,274.6,276.2,3161500
2024-02-29,10:30:00,276.2,278.6,276.2,277.6,1675800
2024-02-29,11:00:00,277.6,278.6,276.2,278.6,1559200
2024-02-29,11:30:00,278.4,279.0,275.8,276.6,1623600
2024-02-29,12:00:00,276.6,276.6,275.4,276.4,817500
2024-02-29,13:30:00,276.6,277.0,275.2,275.8,1354700
2024-02-29,14:00:00,275.6,276.2,275.2,275.8,944600
2024-02-29,14:30:00,275.8,276.4,275.0,276.2,1112900
2024-02-29,15:00:00,276.0,278.6,276.0,277.6,1425100
2024-02-29,15:30:00,277.6,278.8,276.8,276.8,1453700
2024-02-29,16:00:00,276.8,277.2,275.6,277.2,14534600
2024-03-01,10:00:00,273.0,274.8,271.8,274.6,5583000
2024-03-01,10:30:00,274.6,275.4,273.8,274.2,1658800
2024-03-01,11:00:00,274.2,277.6,273.6,277.4,1523900
2024-03-01,11:30:00,277.4,277.4,275.2,275.6,1241200
2024-03-01,12:00:00,275.6,277.0,275.0,276.8,694400
2024-03-01,13:30:00,276.6,277.2,275.2,275.6,1287200
2024-03-01,14:00:00,275.6,277.0,275.4,277.0,952000
2024-03-01,14:30:00,277.0,279.0,277.0,278.6,1471100
2024-03-01,15:00:00,278.6,279.0,275.8,276.2,1895300
2024-03-01,15:30:00,276.2,276.2,275.0,275.2,1430500
2024-03-01,16:00:00,275.0,277.4,275.0,277.4,9621400
2024-03-04,10:00:00,277.4,280.0,275.0,275.8,3046700
2024-03-04,10:30:00,275.6,276.8,274.8,276.8,1224100
2024-03-04,11:00:00,276.8,279.0,276.6,279.0,1076200
2024-03-04,11:30:00,279.0,279.0,277.4,277.6,886400
2024-03-04,12:00:00,277.6,277.6,276.4,276.6,340000
2024-03-04,13:30:00,276.8,277.0,275.8,276.0,850000
2024-03-04,14:00:00,276.0,276.8,275.6,276.4,811600
2024-03-04,14:30:00,276.2,276.6,275.0,275.0,831000
2024-03-04,15:00:00,275.2,275.6,274.8,275.2,1113700
2024-03-04,15:30:00,275.2,275.6,275.2,275.2,698100
2024-03-04,16:00:00,275.4,276.2,275.0,276.2,2104200
2024-03-05,10:00:00,270.2,273.2,270.2,271.8,4973000
2024-03-05,10:30:00,272.0,272.2,270.0,270.4,2552000
2024-03-05,11:00:00,270.2,270.6,268.8,269.4,3521200
2024-03-05,11:30:00,269.6,270.2,269.2,269.6,1538900
2024-03-05,12:00:00,269.6,270.4,269.2,269.6,827500
2024-03-05,13:30:00,269.6,269.6,268.4,268.6,1693300
2024-03-05,14:00:00,268.6,268.8,267.0,267.2,2350500
2024-03-05,14:30:00,267.2,268.4,266.2,268.4,2187800
2024-03-05,15:00:00,268.4,269.0,268.2,268.2,1096100
2024-03-05,15:30:00,268.2,268.6,267.4,268.4,1517100
2024-03-05,16:00:00,268.4,268.6,267.2,268.2,3278500
2024-03-06,10:00:00,266.0,270.0,265.8,270.0,3935300
2024-03-06,10:30:00,270.0,272.6,269.2,271.6,2503800
2024-03-06,11:00:00,271.6,274.4,271.4,273.8,2309200
2024-03-06,11:30:00,273.6,276.2,273.6,276.2,2309400
2024-03-06,12:00:00,276.0,277.0,275.8,276.6,1448800
2024-03-06,13:30:00,276.8,277.0,274.4,274.8,2122700
2024-03-06,14:00:00,274.6,276.6,274.6,275.2,1317600
2024-03-06,14:30:00,275.2,276.0,274.4,275.0,1243800
2024-03-06,15:00:00,275.0,275.2,272.8,274.2,1318000
2024-03-06,15:30:00,274.2,275.0,273.8,274.4,994100
2024-03-06,16:00:00,274.4,275.2,273.8,274.6,3059500
2024-03-07,10:00:00,274.8,275.6,271.0,272.8,3567000
2024-03-07,10:30:00,272.6,274.8,271.6,272.0,1478800
2024-03-07,11:00:00,272.0,274.2,271.8,272.8,1318400
2024-03-07,11:30:00,272.8,272.8,271.2,271.2,903500
2024-03-07,12:00:00,271.2,272.0,271.0,271.8,625300
2024-03-07,13:30:00,272.0,272.0,271.0,271.6,875400
2024-03-07,14:00:00,271.8,272.0,270.6,271.0,1235800
2024-03-07,14:30:00,271.2,272.2,270.6,271.4,1086200
2024-03-07,15:00:00,271.6,271.6,270.4,270.8,1000100
2024-03-07,15:30:00,270.8,270.8,269.2,270.6,1626100
2024-03-07,16:00:00,270.6,271.6,270.2,271.0,3409200
2024-03-08,10:00:00,272.0,274.8,270.2,274.4,2118700
2024-03-08,10:30:00,274.4,275.6,272.4,272.6,1493500
2024-03-08,11:00:00,272.6,272.6,270.4,271.2,917800
2024-03-08,11:30:00,271.2,273.0,271.2,273.0,800400
2024-03-08,12:00:00,273.0,273.0,272.2,272.4,313600
2024-03-08,13:30:00,272.4,273.4,271.6,272.4,789800
2024-03-08,14:00:00,272.4,273.0,272.2,273.0,552300
2024-03-08,14:30:00,273.0,273.2,272.0,272.8,809100
2024-03-08,15:00:00,272.8,273.8,272.6,273.0,730800
2024-03-08,15:30:00,273.0,273.0,271.2,271.6,940200
2024-03-08,16:00:00,271.6,272.2,270.0,270.0,2901600
2024-03-11,10:00:00,271.2,275.6,271.2,274.0,3422700
2024-03-11,10:30:00,274.0,275.2,273.4,274.4,2034500
2024-03-11,11:00:00,274.6,275.6,274.4,275.0,862200
2024-03-11,11:30:00,275.2,276.2,274.6,276.0,1043300
2024-03-11,12:00:00,276.0,277.6,275.2,277.0,1281400
2024-03-11,13:30:00,277.0,277.6,275.8,277.4,1403100
2024-03-11,14:00:00,277.2,278.4,277.0,278.0,1930600
2024-03-11,14:30:00,278.0,278.4,277.6,278.2,872900
2024-03-11,15:00:00,278.4,278.4,277.4,277.6,769600
2024-03-11,15:30:00,277.6,278.4,277.4,277.6,927700
2024-03-11,16:00:00,277.6,278.6,277.4,278.6,3233800
2024-03-12,10:00:00,282.0,286.0,280.2,284.8,5904700
2024-03-12,10:30:00,284.8,286.2,282.4,284.4,2782100
2024-03-12,11:00:00,284.4,285.0,283.0,283.8,1323500
2024-03-12,11:30:00,283.8,286.6,283.6,285.4,3227100
2024-03-12,12:00:00,285.4,287.8,285.4,287.4,2140900
2024-03-12,13:30:00,287.0,288.8,286.6,288.2,3446400
2024-03-12,14:00:00,288.2,289.8,288.0,289.8,3386500
2024-03-12,14:30:00,289.8,290.0,287.6,289.0,2977200
2024-03-12,15:00:00,289.0,291.2,288.6,291.0,2999600
2024-03-12,15:30:00,291.2,292.4,290.4,292.0,2948900
2024-03-12,16:00:00,292.0,292.6,290.0,290.8,5380900
2024-03-13,10:00:00,291.4,294.0,288.6,293.4,5216300
2024-03-13,10:30:00,293.4,293.6,291.0,291.0,2229000
2024-03-13,11:00:00,290.8,292.8,290.6,292.0,1292200
2024-03-13,11:30:00,292.2,292.4,291.4,292.0,1017900
2024-03-13,12:00:00,292.0,292.4,291.4,291.8,697700
2024-03-13,13:30:00,291.8,293.2,291.4,293.0,1447100
2024-03-13,14:00:00,293.0,293.6,292.6,292.8,953800
2024-03-13,14:30:00,293.0,293.2,291.2,291.6,972200
2024-03-13,15:00:00,291.6,292.0,290.2,290.4,1309800
2024-03-13,15:30:00,290.4,290.8,289.6,290.2,1316800
2024-03-13,16:00:00,290.2,291.0,289.4,290.6,3244200
2024-03-14,10:00:00,289.4,294.0,289.4,291.0,2865000
2024-03-14,10:30:00,291.0,291.0,287.0,287.2,1584100
2024-03-14,11:00:00,287.0,289.4,287.0,288.6,921400
2024-03-14,11:30:00,288.4,289.6,288.2,289.0,727400
2024-03-14,12:00:00,288.8,289.0,287.6,288.8,510000
2024-03-14,13:30:00,288.8,289.6,287.0,287.8,1243800
2024-03-14,14:00:00,287.8,289.0,287.6,287.6,828100
2024-03-14,14:30:00,287.6,288.0,286.8,287.8,803700
2024-03-14,15:00:00,288.0,288.6,287.6,288.0,590700
2024-03-14,15:30:00,288.2,289.0,288.0,288.4,632000
2024-03-14,16:00:00,288.4,289.2,288.0,289.2,2979600
2024-03-15,10:00:00,283.0,286.2,283.0,284.2,4565600
2024-03-15,10:30:00,284.2,284.2,281.2,281.8,2624700
2024-03-15,11:00:00,281.8,282.4,280.6,280.6,1635600
2024-03-15,11:30:00,280.8,281.6,280.6,281.0,1184600
2024-03-15,12:00:00,281.0,281.4,280.6,281.0,680100
2024-03-15,13:30:00,281.2,281.4,279.6,279.8,1931500
2024-03-15,14:00:00,279.8,282.2,279.8,281.2,1303800
2024-03-15,14:30:00,281.2,282.0,281.0,281.0,664800
2024-03-15,15:00:00,281.2,283.2,281.0,282.8,798300
2024-03-15,15:30:00,283.0,284.2,282.6,283.4,888400
2024-03-15,16:00:00,283.4,284.6,282.6,283.8,12022600
2024-03-18,10:00:00,282.2,286.0,282.2,285.8,3360500
2024-03-18,10:30:00,286.0,286.6,284.4,286.2,2102700
2024-03-18,11:00:00,286.0,289.6,285.4,289.4,2963100
2024-03-18,11:30:00,289.4,290.6,288.4,289.6,2067900
2024-03-18,12:00:00,289.6,290.4,288.8,289.6,1043000
2024-03-18,13:30:00,289.6,290.0,288.8,289.8,1143200
2024-03-18,14:00:00,290.0,290.6,289.8,290.0,983300
2024-03-18,14:30:00,290.2,290.4,289.6,290.0,618300
2024-03-18,15:00:00,290.0,291.0,289.8,290.8,979200
2024-03-18,15:30:00,290.8,291.4,290.0,290.0,1079000
2024-03-18,16:00:00,290.2,290.8,289.6,289.8,2740500
2024-03-19,10:00:00,289.0,291.2,287.0,290.6,3657300
2024-03-19,10:30:00,290.4,290.6,288.4,288.8,1837600
2024-03-19,11:00:00,288.8,289.6,288.4,289.2,1069500
2024-03-19,11:30:00,289.2,289.2,287.6,288.0,1126600
2024-03-19,12:00:00,288.2,288.2,285.4,286.2,1085900
2024-03-19,13:30:00,286.2,286.8,285.4,286.6,1122200
2024-03-19,14:00:00,286.4,287.6,286.2,287.4,809400
2024-03-19,14:30:00,287.2,287.4,285.6,286.4,998600
2024-03-19,15:00:00,286.2,286.4,285.6,285.8,741900
2024-03-19,15:30:00,285.8,286.2,285.0,285.8,922000
2024-03-19,16:00:00,285.8,286.0,285.0,285.0,2257100
2024-03-20,10:00:00,285.4,290.2,283.0,287.8,3694800
2024-03-20,10:30:00,287.8,289.2,286.2,287.2,1149700
2024-03-20,11:00:00,287.2,289.2,286.4,288.2,1098800
2024-03-20,11:30:00,288.2,289.6,288.0,289.2,784900
2024-03-20,12:00:00,289.2,290.0,287.2,287.6,857700
2024-03-20,13:30:00,287.6,288.4,286.6,287.8,1176000
2024-03-20,14:00:00,288.0,288.6,287.4,288.6,700800
2024-03-20,14:30:00,288.6,289.6,288.4,289.2,874800
2024-03-20,15:00:00,289.2,290.0,289.0,289.8,1263100
2024-03-20,15:30:00,289.8,290.2,289.4,289.6,1122400
2024-03-20,16:00:00,289.4,289.6,287.6,288.8,2760600
2024-03-21,10:00:00,295.2,298.2,292.2,296.4,13062700
2024-03-21,10:30:00,296.4,297.6,294.0,295.2,4864100
2024-03-21,11:00:00,294.8,295.2,292.0,292.4,3114700
2024-03-21,11:30:00,292.4,293.4,291.8,293.0,1713300
2024-03-21,12:00:00,292.8,293.2,291.6,291.8,925700
2024-03-21,13:30:00,291.8,293.4,291.4,293.4,2013700
2024-03-21,14:00:00,293.4,294.4,293.0,293.8,1581400
2024-03-21,14:30:00,293.8,294.6,292.6,293.6,1512400
2024-03-21,15:00:00,293.4,294.2,293.2,293.4,1212100
2024-03-21,15:30:00,293.4,293.4,290.4,291.2,2578300
2024-03-21,16:00:00,291.2,292.0,289.6,291.2,4201800
2024-03-22,10:00:00,287.4,289.2,286.2,286.8,4066200
2024-03-22,10:30:00,286.8,287.4,285.4,286.0,2099300
2024-03-22,11:00:00,286.0,286.8,283.8,284.2,2288500
2024-03-22,11:30:00,284.2,284.8,283.6,284.2,2337000
2024-03-22,12:00:00,284.4,284.4,282.4,283.4,1952800
2024-03-22,13:30:00,283.4,285.8,282.6,285.4,2365400
2024-03-22,14:00:00,285.4,286.4,284.2,285.8,1460900
2024-03-22,14:30:00,285.8,289.4,285.4,287.6,2307600
2024-03-22,15:00:00,287.8,289.4,287.2,289.2,1626100
2024-03-22,15:30:00,289.2,290.4,288.8,289.6,2026900
2024-03-22,16:00:00,289.6,290.0,288.6,288.8,3379300
2024-03-25,10:00:00,288.8,290.6,286.2,287.0,4095200
2024-03-25,10:30:00,287.0,288.6,285.0,288.0,1964800
2024-03-25,11:00:00,288.2,289.4,286.8,288.0,1259300
2024-03-25,11:30:00,288.0,289.8,287.8,289.2,1433000
2024-03-25,12:00:00,289.2,290.0,288.2,289.8,1169100
2024-03-25,13:30:00,289.8,290.0,288.0,288.6,1296900
2024-03-25,14:00:00,288.4,288.8,287.8,288.4,918600
2024-03-25,14:30:00,288.4,289.0,286.8,287.8,1958900
2024-03-25,15:00:00,287.8,288.2,287.4,288.0,1789800
2024-03-25,15:30:00,288.2,289.0,287.6,289.0,1247300
2024-03-25,16:00:00,289.0,290.2,288.2,288.6,3116400
2024-03-26,10:00:00,286.0,291.6,286.0,288.8,3525200
2024-03-26,10:30:00,288.6,292.2,288.4,291.8,2406900
2024-03-26,11:00:00,291.8,293.0,290.4,291.4,1856900
2024-03-26,11:30:00,291.4,292.8,290.8,292.4,1180900
2024-03-26,12:00:00,292.4,292.6,291.8,292.2,793400
2024-03-26,13:30:00,292.4,294.2,291.8,294.2,2370400
2024-03-26,14:00:00,294.2,295.8,293.4,295.2,3361500
2024-03-26,14:30:00,295.2,296.6,294.6,296.4,2290100
2024-03-26,15:00:00,296.6,300.6,296.4,299.6,6246200
2024-03-26,15:30:00,299.6,300.4,299.0,299.6,2881200
2024-03-26,16:00:00,299.6,299.8,298.8,299.4,6626800
2024-03-27,10:00:00,296.0,303.0,295.8,303.0,6087100
2024-03-27,10:30:00,302.8,307.6,301.8,307.4,6236300
2024-03-27,11:00:00,307.4,307.6,305.0,305.4,4892600
2024-03-27,11:30:00,305.4,305.8,304.8,305.6,1968100
2024-03-27,12:00:00,305.4,306.0,304.6,306.0,1747600
2024-03-27,13:30:00,305.8,306.0,304.2,304.8,2119400
2024-03-27,14:00:00,304.6,306.0,304.2,306.0,2115300
2024-03-27,14:30:00,306.0,306.6,305.4,306.0,2149900
2024-03-27,15:00:00,305.8,306.0,304.8,305.6,2309200
2024-03-27,15:30:00,305.6,305.6,301.8,302.8,2934200
2024-03-27,16:00:00,302.8,303.4,301.8,302.0,5748400
2024-03-28,10:00:00,302.0,305.2,301.6,301.8,4528400
2024-03-28,10:30:00,301.8,305.2,301.4,304.8,2443300
2024-03-28,11:00:00,304.8,305.4,304.0,304.0,1852500
2024-03-28,11:30:00,304.0,306.0,304.0,305.8,2159300
2024-03-28,12:00:00,306.0,309.2,305.8,308.6,2694000
2024-03-28,13:30:00,308.6,309.6,306.6,307.8,3158900
2024-03-28,14:00:00,307.8,308.6,306.2,306.6,1763900
2024-03-28,14:30:00,306.6,307.2,304.6,304.6,1445600
2024-03-28,15:00:00,304.6,305.4,304.2,305.2,1407200
2024-03-28,15:30:00,305.2,305.8,303.6,304.8,1787800
2024-03-28,16:00:00,304.8,305.2,303.8,303.8,5951800
2024-04-02,10:00:00,309.0,310.2,307.8,308.4,5802541
2024-04-02,10:30:00,308.6,310.6,307.8,310.4,3740500
2024-04-02,11:00:00,310.4,312.2,309.2,311.6,3030900
2024-04-02,11:30:00,311.8,312.4,310.8,311.0,1634800
2024-04-02,12:00:00,311.2,311.4,309.8,309.8,1334800
2024-04-02,13:30:00,309.8,310.2,308.8,309.4,1656700
2024-04-02,14:00:00,309.4,310.6,308.4,308.8,1384000
2024-04-02,14:30:00,309.0,309.4,308.2,308.4,1303400
2024-04-02,15:00:00,308.4,309.2,308.0,309.0,1056700
2024-04-02,15:30:00,309.2,310.0,309.0,309.0,1367100
2024-04-02,16:00:00,309.2,309.4,308.6,309.2,3247900
2024-04-03,10:00:00,312.0,312.0,307.2,307.4,4051800
2024-04-03,10:30:00,307.2,308.8,306.8,308.0,1359800
2024-04-03,11:00:00,308.0,309.0,307.0,307.2,1015800
2024-04-03,11:30:00,307.2,308.2,306.4,308.0,1036200
2024-04-03,12:00:00,308.2,310.0,307.8,309.6,987300
2024-04-03,13:30:00,309.6,310.0,307.0,308.2,1222400
2024-04-03,14:00:00,308.2,308.6,307.6,308.6,741500
2024-04-03,14:30:00,308.4,308.6,307.0,307.4,1203800
2024-04-03,15:00:00,307.4,308.2,306.8,307.8,937400
2024-04-03,15:30:00,308.0,308.8,307.4,308.0,1355700
2024-04-03,16:00:00,308.0,308.4,307.6,308.4,2790100
2024-04-05,10:00:00,309.6,311.6,305.8,306.6,3192300
2024-04-05,10:30:00,306.6,308.6,305.8,306.8,1529300
2024-04-05,11:00:00,306.8,307.2,304.4,305.8,1117700
2024-04-05,11:30:00,305.8,307.8,305.6,306.2,729400
2024-04-05,12:00:00,306.2,307.6,306.2,307.4,567200
2024-04-05,13:30:00,307.4,309.2,306.8,308.8,821700
2024-04-05,14:00:00,308.8,310.8,308.4,310.2,920000
2024-04-05,14:30:00,310.2,310.6,309.2,309.4,695300
2024-04-05,15:00:00,309.6,310.2,309.4,310.0,662100
2024-04-05,15:30:00,310.0,311.2,309.8,310.8,1076600
2024-04-05,16:00:00,310.8,311.2,309.8,310.0,2027680
2024-04-08,10:00:00,305.2,308.4,305.2,306.2,4569500
2024-04-08,10:30:00,306.2,309.6,306.0,309.2,2116800
2024-04-08,11:00:00,309.4,311.0,308.0,309.4,2368800
2024-04-08,11:30:00,309.4,309.6,306.2,306.4,1572000
2024-04-08,12:00:00,306.6,307.2,306.0,306.6,1346900
2024-04-08,13:30:00,306.4,307.4,306.4,306.8,1216000
2024-04-08,14:00:00,306.6,306.8,305.0,305.8,1591600
2024-04-08,14:30:00,305.6,306.4,305.0,306.2,1372700
2024-04-08,15:00:00,306.2,306.6,305.6,305.8,930400
2024-04-08,15:30:00,305.8,306.0,304.4,305.2,1224800
2024-04-08,16:00:00,305.2,306.6,304.8,305.4,3176700
2024-04-09,10:00:00,307.4,308.8,305.8,306.0,3206200
2024-04-09,10:30:00,306.2,307.6,305.8,305.8,1927100
2024-04-09,11:00:00,305.8,305.8,303.0,304.0,2260900
2024-04-09,11:30:00,303.8,305.0,303.4,304.2,981900
2024-04-09,12:00:00,304.2,304.8,303.8,304.2,663200
2024-04-09,13:30:00,304.0,306.2,303.8,304.6,1318000
2024-04-09,14:00:00,304.6,304.8,303.6,304.2,1037600
2024-04-09,14:30:00,304.4,305.6,304.2,305.4,951300
2024-04-09,15:00:00,305.2,305.6,304.6,305.6,1235700
2024-04-09,15:30:00,305.6,306.8,305.4,305.8,1327400
2024-04-09,16:00:00,305.6,306.0,304.8,305.0,2404200
2024-04-10,10:00:00,306.4,311.4,306.4,310.8,4735748
2024-04-10,10:30:00,311.0,311.0,309.2,310.2,1909200
2024-04-10,11:00:00,310.2,312.4,309.8,311.8,2353900
2024-04-10,11:30:00,311.8,314.0,311.4,313.4,2686500
2024-04-10,12:00:00,313.4,313.6,312.4,313.2,1235600
2024-04-10,13:30:00,313.2,315.0,312.8,313.2,2317000
2024-04-10,14:00:00,313.4,314.4,311.6,312.2,1588700
2024-04-10,14:30:00,312.2,314.2,312.0,314.0,1579000
2024-04-10,15:00:00,313.8,314.6,313.6,314.2,1418800
2024-04-10,15:30:00,314.2,315.2,313.4,314.0,1907900
2024-04-10,16:00:00,313.8,314.4,313.6,314.2,2452100
2024-04-11,10:00:00,309.8,314.4,309.0,312.6,4410000
2024-04-11,10:30:00,312.8,313.2,311.6,312.8,1481600
2024-04-11,11:00:00,312.8,313.8,312.4,313.8,1565400
2024-04-11,11:30:00,313.4,314.0,312.6,313.8,1118100
2024-04-11,12:00:00,313.8,315.6,313.2,314.6,1425400
2024-04-11,13:30:00,314.6,315.8,314.0,315.8,1287800
2024-04-11,14:00:00,315.6,316.6,315.0,315.4,1520400
2024-04-11,14:30:00,315.4,315.6,314.8,315.0,1273800
2024-04-11,15:00:00,315.0,315.6,314.4,315.0,1023100
2024-04-11,15:30:00,315.0,315.8,314.8,315.6,1093400
2024-04-11,16:00:00,315.6,315.8,315.0,315.0,2548600
2024-04-12,10:00:00,314.0,318.0,313.2,314.2,5830600
2024-04-12,10:30:00,314.2,314.2,311.4,312.4,2666200
2024-04-12,11:00:00,312.4,313.8,311.8,313.2,1232600
2024-04-12,11:30:00,313.2,314.4,312.8,313.4,1115400
2024-04-12,12:00:00,313.4,314.0,312.8,314.0,829800
2024-04-12,13:30:00,314.0,314.4,313.2,313.8,1139700
2024-04-12,14:00:00,313.8,314.0,313.2,313.6,1114500
2024-04-12,14:30:00,313.6,313.6,310.2,311.0,2642900
2024-04-12,15:00:00,311.0,311.4,310.2,311.0,1482200
2024-04-12,15:30:00,311.0,312.0,310.8,311.0,1325800
2024-04-12,16:00:00,310.8,311.2,309.4,309.6,3583500
2024-04-15,10:00:00,304.6,308.0,303.8,306.0,4611700
2024-04-15,10:30:00,305.8,307.4,305.6,307.0,1445700
2024-04-15,11:00:00,307.0,308.6,306.8,308.4,1092500
2024-04-15,11:30:00,308.2,308.8,306.2,306.4,848200
2024-04-15,12:00:00,306.4,307.8,305.8,306.8,700700
2024-04-15,13:30:00,306.6,307.0,305.0,305.6,1487900
2024-04-15,14:00:00,305.4,306.2,304.8,306.0,1041200
2024-04-15,14:30:00,305.8,306.0,305.0,305.2,1065000
2024-04-15,15:00:00,305.4,305.4,304.8,305.2,859800
2024-04-15,15:30:00,305.2,305.6,304.8,305.2,1149100
2024-04-15,16:00:00,305.4,305.4,304.2,304.4,3690300
2024-04-16,10:00:00,301.2,308.4,301.2,307.0,4573800
2024-04-16,10:30:00,307.0,308.0,305.2,305.6,2255400
2024-04-16,11:00:00,305.4,306.0,304.4,305.6,1298900
2024-04-16,11:30:00,305.6,305.8,303.0,303.8,864300
2024-04-16,12:00:00,303.8,304.0,303.2,303.8,573400
2024-04-16,13:30:00,303.8,304.2,303.0,304.0,1273200
2024-04-16,14:00:00,304.0,304.0,303.2,303.4,715400
2024-04-16,14:30:00,303.2,303.4,301.4,301.8,1616000
2024-04-16,15:00:00,301.8,301.8,300.0,301.6,1904600
2024-04-16,15:30:00,301.6,303.0,301.2,302.6,1368800
2024-04-16,16:00:00,302.8,303.4,301.2,301.8,2871900
2024-04-17,10:00:00,301.8,304.0,300.8,301.4,2574900
2024-04-17,10:30:00,301.4,301.4,300.0,301.0,1378000
2024-04-17,11:00:00,300.8,302.2,300.2,301.8,1280800
2024-04-17,11:30:00,301.8,301.8,300.6,300.8,594900
2024-04-17,12:00:00,300.8,301.4,300.6,300.8,427400
2024-04-17,13:30:00,301.0,301.0,299.0,299.4,1363600
2024-04-17,14:00:00,299.6,299.6,298.0,299.6,1187800
2024-04-17,14:30:00,299.6,299.6,297.8,298.8,1340500
2024-04-17,15:00:00,298.8,300.6,298.4,300.0,841700
2024-04-17,15:30:00,300.0,301.0,300.0,301.0,977600
2024-04-17,16:00:00,300.8,301.4,300.0,300.8,2061800
2024-04-18,10:00:00,302.2,302.6,298.6,302.6,1990900
2024-04-18,10:30:00,302.6,305.6,302.2,305.6,2125800
2024-04-18,11:00:00,305.6,308.8,303.8,308.0,3107900
2024-04-18,11:30:00,308.2,308.8,306.4,308.4,1767500
2024-04-18,12:00:00,308.4,308.6,307.4,307.8,773400
2024-04-18,13:30:00,307.4,307.8,304.6,305.0,989500
2024-04-18,14:00:00,305.2,305.8,304.4,305.4,1125100
2024-04-18,14:30:00,305.6,307.0,304.6,306.4,1141500
2024-04-18,15:00:00,306.6,306.8,304.8,305.2,1104800
2024-04-18,15:30:00,305.4,305.8,304.4,304.8,1012000
2024-04-18,16:00:00,304.8,306.4,304.4,304.4,3826100
2024-04-19,10:00:00,303.4,303.4,300.2,302.0,4650500
2024-04-19,10:30:00,302.0,304.2,301.0,301.8,2092900
2024-04-19,11:00:00,301.8,301.8,299.6,300.2,2192400
2024-04-19,11:30:00,300.0,302.0,299.6,301.2,1099100
2024-04-19,12:00:00,301.2,302.6,300.8,302.6,532000
2024-04-19,13:30:00,302.4,303.4,302.2,303.2,1054500
2024-04-19,14:00:00,303.2,303.2,302.0,302.4,577700
2024-04-19,14:30:00,302.4,303.4,302.0,303.0,858900
2024-04-19,15:00:00,303.0,305.4,302.8,304.8,1512400
2024-04-19,15:30:00,304.8,305.0,303.2,304.2,920100
2024-04-19,16:00:00,304.2,305.0,303.8,303.8,3818100
2024-04-22,10:00:00,308.0,317.0,306.8,316.4,9544000
2024-04-22,10:30:00,316.2,319.8,316.0,319.6,6912600
2024-04-22,11:00:00,319.2,319.6,317.0,317.6,2251600
2024-04-22,11:30:00,317.6,318.0,316.2,316.6,1947100
2024-04-22,12:00:00,316.4,318.2,315.6,318.2,1606300
2024-04-22,13:30:00,318.2,322.2,317.8,321.8,5392400
2024-04-22,14:00:00,321.8,322.6,320.8,321.4,2601600
2024-04-22,14:30:00,321.4,321.8,319.4,320.2,1758000
2024-04-22,15:00:00,320.2,322.2,320.0,321.8,1588700
2024-04-22,15:30:00,321.8,322.0,320.6,321.0,1861800
2024-04-22,16:00:00,321.0,321.0,319.8,320.4,5036500
2024-04-23,10:00:00,326.0,328.8,325.2,327.4,9502700
2024-04-23,10:30:00,327.4,330.6,326.4,328.2,5148500
2024-04-23,11:00:00,328.2,329.6,328.0,328.2,2039100
2024-04-23,11:30:00,328.0,329.6,326.0,329.4,2786000
2024-04-23,12:00:00,329.4,331.2,329.0,330.2,2682300
2024-04-23,13:30:00,330.2,330.8,329.0,330.6,2528800
2024-04-23,14:00:00,330.4,331.2,330.2,330.8,2488200
2024-04-23,14:30:00,330.8,331.8,330.2,331.4,2179900
2024-04-23,15:00:00,331.2,333.0,331.2,333.0,2688900
2024-04-23,15:30:00,332.8,333.6,332.4,333.2,3297300
2024-04-23,16:00:00,333.2,333.4,331.8,332.4,7001900
2024-04-24,10:00:00,337.8,341.0,335.4,338.4,11046200
2024-04-24,10:30:00,338.4,340.6,338.2,339.4,4123400
2024-04-24,11:00:00,339.4,342.2,339.4,341.8,3188500
2024-04-24,11:30:00,341.8,342.0,340.4,341.0,2086400
2024-04-24,12:00:00,341.0,341.0,339.4,339.8,1354900
2024-04-24,13:30:00,339.6,342.4,338.8,342.2,3427000
2024-04-24,14:00:00,342.0,344.4,341.8,344.0,2756100
2024-04-24,14:30:00,344.0,344.4,342.6,343.6,1935900
2024-04-24,15:00:00,343.6,345.0,343.6,344.0,2378600
2024-04-24,15:30:00,344.0,344.4,342.2,343.4,2218800
2024-04-24,16:00:00,343.4,344.2,342.0,344.2,5675600
2024-04-25,10:00:00,340.2,344.0,336.8,343.6,7518400
2024-04-25,10:30:00,343.6,345.2,342.0,345.2,3503500
2024-04-25,11:00:00,345.2,346.4,343.8,344.4,2707000
2024-04-25,11:30:00,344.2,345.0,340.2,340.6,2300300
2024-04-25,12:00:00,340.6,340.8,338.6,339.8,1331000
2024-04-25,13:30:00,339.8,339.8,338.2,339.0,1455800
2024-04-25,14:00:00,339.0,339.6,337.6,338.4,1231200
2024-04-25,14:30:00,338.4,338.8,336.4,336.4,1495800
2024-04-25,15:00:00,336.4,339.2,336.4,339.0,1859700
2024-04-25,15:30:00,339.0,339.6,338.4,338.4,989800
2024-04-25,16:00:00,338.6,339.4,337.8,339.4,2839400
2024-04-26,10:00:00,340.0,347.8,340.0,346.2,4665700
2024-04-26,10:30:00,346.2,347.8,345.8,346.4,2149000
2024-04-26,11:00:00,346.4,346.8,345.4,346.6,1622000
2024-04-26,11:30:00,346.6,348.8,346.4,347.8,2946900
2024-04-26,12:00:00,347.8,347.8,346.8,347.6,884000
2024-04-26,13:30:00,347.4,350.0,347.2,349.8,3021400
2024-04-26,14:00:00,349.8,351.8,349.4,350.4,3671000
2024-04-26,14:30:00,350.4,351.4,349.0,349.2,1618100
2024-04-26,15:00:00,349.2,349.8,347.6,348.0,2606900
2024-04-26,15:30:00,348.0,350.2,347.6,348.4,1949000
2024-04-26,16:00:00,348.4,349.8,348.0,348.4,4089300
2024-04-29,10:00:00,348.4,354.4,347.6,353.4,6944400
2024-04-29,10:30:00,353.2,354.8,350.6,354.4,3049100
2024-04-29,11:00:00,354.4,354.8,352.8,354.4,1830200
2024-04-29,11:30:00,354.4,354.8,349.6,349.8,1827000
2024-04-29,12:00:00,349.6,351.2,348.0,349.6,1803100
2024-04-29,13:30:00,349.4,350.2,345.2,348.2,2973900
2024-04-29,14:00:00,348.2,349.4,347.6,348.6,1318700
2024-04-29,14:30:00,348.4,349.6,347.8,348.6,885700
2024-04-29,15:00:00,348.6,349.0,346.8,347.6,1170300
2024-04-29,15:30:00,347.4,348.6,346.6,347.8,1166500
2024-04-29,16:00:00,347.6,348.0,346.2,347.6,2331400
2024-04-30,10:00:00,349.6,350.8,346.8,347.4,2149900
2024-04-30,10:30:00,347.6,350.6,346.6,349.2,1328000
2024-04-30,11:00:00,349.4,350.0,347.4,348.4,927200
2024-04-30,11:30:00,348.4,348.6,346.4,347.2,627200
2024-04-30,12:00:00,347.2,347.6,346.2,346.4,409600
2024-04-30,13:30:00,346.4,346.6,344.0,346.0,1341400
2024-04-30,14:00:00,346.2,347.0,345.6,346.8,748600
2024-04-30,14:30:00,346.8,349.4,346.8,348.6,1046000
2024-04-30,15:00:00,348.6,349.2,347.8,348.0,629200
2024-04-30,15:30:00,348.0,349.8,347.8,348.8,866700
2024-04-30,16:00:00,348.6,349.0,347.2,347.2,5709600
2024-05-02,10:00:00,349.0,354.8,345.4,354.6,3288825
2024-05-02,10:30:00,354.4,358.0,354.0,356.8,2294700
2024-05-02,11:00:00,357.0,359.8,356.8,358.6,2070800
2024-05-02,11:30:00,358.6,359.8,357.8,359.0,1737900
2024-05-02,12:00:00,359.2,359.8,358.4,359.8,1092800
2024-05-02,13:30:00,359.6,359.8,358.6,359.8,1725800
2024-05-02,14:00:00,359.6,360.8,359.6,360.2,2099700
2024-05-02,14:30:00,360.0,361.2,360.0,360.8,1123600
2024-05-02,15:00:00,360.6,360.8,360.0,360.4,1111700
2024-05-02,15:30:00,360.4,360.8,360.0,360.8,1706300
2024-05-02,16:00:00,360.8,360.8,360.0,360.4,3900300
2024-05-03,10:00:00,371.0,372.6,364.2,364.6,6267800
2024-05-03,10:30:00,364.8,366.0,362.4,363.6,2777800
2024-05-03,11:00:00,363.6,365.6,360.6,363.0,2815800
2024-05-03,11:30:00,362.8,365.0,362.4,363.4,1361700
2024-05-03,12:00:00,363.4,363.8,362.6,363.2,792700
2024-05-03,13:30:00,363.2,364.0,362.2,363.4,1002500
2024-05-03,14:00:00,363.4,364.6,363.4,364.4,901800
2024-05-03,14:30:00,364.4,364.8,364.0,364.8,876800
2024-05-03,15:00:00,364.8,365.4,364.4,365.0,1800400
2024-05-03,15:30:00,365.0,365.2,363.4,364.4,1213000
2024-05-03,16:00:00,364.4,364.8,363.4,364.4,3177300
2024-05-06,10:00:00,364.6,370.6,363.0,367.6,7712300
2024-05-06,10:30:00,367.6,369.8,366.2,366.4,2390200
2024-05-06,11:00:00,366.4,368.0,365.6,368.0,1198000
2024-05-06,11:30:00,368.0,368.8,366.6,367.8,1129900
2024-05-06,12:00:00,367.6,368.6,367.2,367.6,774600
2024-05-06,13:30:00,367.4,367.6,366.0,366.8,1240800
2024-05-06,14:00:00,366.8,368.6,366.4,368.4,1090500
2024-05-06,14:30:00,368.4,371.6,368.2,370.8,2946000
2024-05-06,15:00:00,370.8,373.0,370.2,372.8,2611800
2024-05-06,15:30:00,372.6,372.8,371.2,372.0,1599200
2024-05-06,16:00:00,372.0,372.2,369.8,370.2,3151400
2024-05-07,10:00:00,367.4,371.2,367.0,369.6,3467300
2024-05-07,10:30:00,369.6,370.2,367.4,369.0,2033200
2024-05-07,11:00:00,368.8,369.4,365.2,365.2,1795900
2024-05-07,11:30:00,365.4,366.8,364.2,364.2,1600200
2024-05-07,12:00:00,364.2,365.0,363.4,364.2,1116100
2024-05-07,13:30:00,364.4,367.4,364.0,367.4,1556000
2024-05-07,14:00:00,367.4,368.6,365.8,368.0,1170800
2024-05-07,14:30:00,367.8,368.2,365.2,365.8,856800
2024-05-07,15:00:00,365.8,366.4,364.2,366.2,1076400
2024-05-07,15:30:00,366.4,366.6,365.0,365.8,1167800
2024-05-07,16:00:00,365.8,365.8,364.4,365.8,3322200
2024-05-08,10:00:00,366.4,371.8,365.0,369.4,4811600
2024-05-08,10:30:00,369.4,369.6,367.2,368.2,1413400
2024-05-08,11:00:00,368.0,369.0,367.0,367.0,990700
2024-05-08,11:30:00,367.2,367.2,363.8,363.8,1155700
2024-05-08,12:00:00,363.6,364.4,361.8,362.4,1239000
2024-05-08,13:30:00,362.4,365.4,362.2,363.4,1259500
2024-05-08,14:00:00,363.2,363.6,360.8,361.2,1594500
2024-05-08,14:30:00,361.2,361.8,359.8,361.8,1957700
2024-05-08,15:00:00,361.8,363.2,360.0,360.4,1538900
2024-05-08,15:30:00,360.4,361.4,360.4,361.0,1289000
2024-05-08,16:00:00,360.8,361.8,360.4,361.4,2725200
2024-05-09,10:00:00,361.0,367.4,360.4,365.8,3506800
2024-05-09,10:30:00,365.6,366.8,365.0,365.2,1653400
2024-05-09,11:00:00,365.0,367.4,364.4,366.2,1157900
2024-05-09,11:30:00,366.2,369.4,366.2,368.8,1551400
2024-05-09,12:00:00,368.8,369.0,368.0,368.6,829200
2024-05-09,13:30:00,368.6,368.8,367.4,368.0,885500
2024-05-09,14:00:00,368.0,369.0,367.6,367.6,678200
2024-05-09,14:30:00,367.6,368.6,366.2,368.4,961700
2024-05-09,15:00:00,368.4,369.0,368.2,368.8,1117800
2024-05-09,15:30:00,368.8,369.2,368.4,369.0,752800
2024-05-09,16:00:00,369.0,370.0,368.6,369.8,2842700
2024-05-10,10:00:00,373.8,374.2,365.6,366.0,4077100
2024-05-10,10:30:00,366.0,369.0,365.0,367.8,2258900
2024-05-10,11:00:00,367.8,370.4,366.8,369.2,1065200
2024-05-10,11:30:00,369.2,370.0,368.4,369.8,737800
2024-05-10,12:00:00,369.8,370.6,369.2,370.0,681000
2024-05-10,13:30:00,369.8,372.6,369.2,372.0,1261000
2024-05-10,14:00:00,372.0,372.0,370.0,370.2,747200
2024-05-10,14:30:00,370.2,371.4,369.6,371.0,976400
2024-05-10,15:00:00,371.0,371.4,370.2,370.8,703000
2024-05-10,15:30:00,370.8,372.0,370.6,371.2,947300
2024-05-10,16:00:00,371.2,371.8,370.6,371.0,2189400
2024-05-13,10:00:00,368.6,373.4,368.0,372.0,3420400
2024-05-13,10:30:00,372.2,376.0,371.4,375.6,2814400
2024-05-13,11:00:00,375.4,380.0,375.2,377.6,3879400
2024-05-13,11:30:00,377.4,378.6,376.2,378.0,1224200
2024-05-13,12:00:00,378.0,378.2,375.6,376.0,583000
2024-05-13,13:30:00,376.2,378.0,376.0,377.6,1310400
2024-05-13,14:00:00,377.4,377.8,376.4,377.6,1224800
2024-05-13,14:30:00,377.4,377.6,376.2,376.8,1009900
2024-05-13,15:00:00,376.8,378.6,376.6,377.6,1087000
2024-05-13,15:30:00,377.6,377.8,376.4,377.0,942800
2024-05-13,16:00:00,377.0,378.4,377.0,378.2,2807100
2024-05-14,10:00:00,381.0,384.8,380.6,384.2,5172500
2024-05-14,10:30:00,384.2,384.4,382.2,383.2,1854800
2024-05-14,11:00:00,383.2,383.4,379.0,380.6,2343000
2024-05-14,11:30:00,380.6,381.8,379.4,379.6,1280500
2024-05-14,12:00:00,379.6,380.0,378.6,379.8,693600
2024-05-14,13:30:00,379.8,383.0,379.4,382.4,1838000
2024-05-14,14:00:00,382.2,382.4,380.8,381.0,858800
2024-05-14,14:30:00,380.8,382.2,380.8,381.6,938200
2024-05-14,15:00:00,381.6,382.6,381.0,382.0,1737500
2024-05-14,15:30:00,382.0,382.2,381.2,382.0,1069000
2024-05-14,16:00:00,382.0,382.8,381.6,381.8,3671000
2024-05-16,10:00:00,400.0,401.0,394.6,398.6,25688800
2024-05-16,10:30:00,398.4,398.8,396.2,397.8,4360600
2024-05-16,11:00:00,397.8,399.2,397.4,399.0,4037800
2024-05-16,11:30:00,399.0,399.2,397.4,398.0,2679000
2024-05-16,12:00:00,398.0,398.4,397.4,397.8,1929900
2024-05-16,13:30:00,397.6,398.0,396.2,397.8,3471500
2024-05-16,14:00:00,397.6,398.2,396.8,397.8,2945200
2024-05-16,14:30:00,397.8,398.4,397.6,397.8,2853100
2024-05-16,15:00:00,397.8,397.8,396.2,397.0,2464600
2024-05-16,15:30:00,397.0,397.2,396.0,396.6,2389900
2024-05-16,16:00:00,396.6,397.0,396.2,397.0,5500500
2024-05-17,10:00:00,397.0,400.2,397.0,400.0,7726600
2024-05-17,10:30:00,400.0,400.0,397.4,398.4,2683800
2024-05-17,11:00:00,398.4,398.4,394.2,396.4,2479000
2024-05-17,11:30:00,396.4,396.8,395.0,396.2,1745700
2024-05-17,12:00:00,396.2,396.4,395.0,396.0,817300
2024-05-17,13:30:00,396.0,396.0,394.8,395.4,2072100
2024-05-17,14:00:00,395.4,398.0,395.0,396.6,1735500
2024-05-17,14:30:00,396.6,397.0,395.4,395.8,983700
2024-05-17,15:00:00,395.8,396.2,394.8,395.2,1528300
2024-05-17,15:30:00,395.2,396.0,394.8,395.4,1552500
2024-05-17,16:00:00,395.4,396.0,394.8,395.0,4132300
2024-05-20,10:00:00,397.0,399.8,394.6,394.6,5692400
2024-05-20,10:30:00,394.6,397.6,394.0,396.4,2363200
2024-05-20,11:00:00,396.4,397.2,394.0,394.4,2026900
2024-05-20,11:30:00,394.4,395.8,394.4,395.2,1185800
2024-05-20,12:00:00,395.4,395.8,394.6,394.6,804100
2024-05-20,13:30:00,394.6,395.4,394.0,394.4,1706700
2024-05-20,14:00:00,394.2,395.0,393.2,394.8,1223200
2024-05-20,14:30:00,394.8,395.4,394.2,394.4,1072900
2024-05-20,15:00:00,394.6,395.0,394.0,394.2,948700
2024-05-20,15:30:00,394.4,394.4,393.0,393.2,1429200
2024-05-20,16:00:00,393.2,395.0,392.8,395.0,3441000
2024-05-21,10:00:00,393.4,393.4,383.6,385.0,6970600
2024-05-21,10:30:00,385.0,386.0,383.0,384.2,4168500
2024-05-21,11:00:00,384.2,384.4,381.0,383.8,2796500
2024-05-21,11:30:00,384.0,384.8,383.8,384.6,1443800
2024-05-21,12:00:00,384.6,384.8,383.0,383.0,812600
2024-05-21,13:30:00,383.2,384.2,381.8,383.8,1852500
2024-05-21,14:00:00,383.6,384.0,381.6,381.6,1642500
2024-05-21,14:30:00,381.6,381.8,380.0,380.2,2435800
2024-05-21,15:00:00,380.2,382.0,379.6,381.6,1895100
2024-05-21,15:30:00,381.6,385.2,381.4,384.8,1987700
2024-05-21,16:00:00,384.6,385.4,383.0,383.6,4585000
2024-05-22,10:00:00,379.2,382.4,376.6,382.0,6895100
2024-05-22,10:30:00,382.2,386.8,382.0,384.0,3297400
2024-05-22,11:00:00,384.0,385.6,383.4,384.8,1395700
2024-05-22,11:30:00,384.8,385.0,382.6,383.2,1016800
2024-05-22,12:00:00,383.2,384.8,383.2,384.6,868400
2024-05-22,13:30:00,384.4,386.8,384.0,384.8,1812700
2024-05-22,14:00:00,384.6,385.6,384.4,385.4,965900
2024-05-22,14:30:00,385.4,386.6,384.4,384.4,1075300
2024-05-22,15:00:00,384.4,384.6,383.2,383.8,1120600
2024-05-22,15:30:00,383.6,383.8,383.0,383.2,808600
2024-05-22,16:00:00,383.2,384.6,383.0,384.4,2640400
2024-05-23,10:00:00,380.6,384.0,378.4,378.8,3411700
2024-05-23,10:30:00,378.8,380.0,376.4,378.8,3138500
2024-05-23,11:00:00,379.0,382.8,378.4,382.0,1750700
2024-05-23,11:30:00,381.8,383.8,381.4,382.4,963700
2024-05-23,12:00:00,382.6,382.8,381.4,382.4,529600
2024-05-23,13:30:00,382.4,383.4,381.2,382.8,1190300
2024-05-23,14:00:00,383.0,383.4,380.0,380.0,1168800
2024-05-23,14:30:00,380.2,382.2,380.0,381.8,892000
2024-05-23,15:00:00,381.8,383.0,381.4,383.0,730600
2024-05-23,15:30:00,382.8,383.4,382.0,382.2,1440200
2024-05-23,16:00:00,382.2,382.4,380.8,381.8,2983200
2024-05-24,10:00:00,378.2,382.6,378.2,379.2,3509045
2024-05-24,10:30:00,379.2,379.4,376.2,377.6,2628900
2024-05-24,11:00:00,377.4,377.4,374.8,375.2,2181900
2024-05-24,11:30:00,375.2,378.4,375.2,377.4,1164300
2024-05-24,12:00:00,377.4,377.6,376.8,377.0,389800
2024-05-24,13:30:00,377.4,378.4,376.0,377.4,1118100
2024-05-24,14:00:00,377.4,377.6,376.6,376.8,759900
2024-05-24,14:30:00,376.8,377.2,376.0,376.0,1166700
2024-05-24,15:00:00,376.0,376.4,375.2,376.0,1465400
2024-05-24,15:30:00,376.0,376.6,375.2,376.2,1206000
2024-05-24,16:00:00,376.2,377.0,375.8,377.0,3544000
2024-05-27,10:00:00,372.0,376.0,369.2,371.0,8191900
2024-05-27,10:30:00,371.0,371.4,363.4,363.4,6704600
2024-05-27,11:00:00,363.6,370.0,362.4,369.6,3341700
2024-05-27,11:30:00,369.8,371.8,369.0,370.6,1933900
2024-05-27,12:00:00,370.8,371.0,369.8,370.0,1007400
2024-05-27,13:30:00,370.0,373.4,369.8,372.2,2095800
2024-05-27,14:00:00,372.4,372.6,370.2,370.8,1134300
2024-05-27,14:30:00,370.8,374.8,370.6,374.6,1352400
2024-05-27,15:00:00,374.4,377.6,374.2,375.6,2321500
2024-05-27,15:30:00,375.6,377.2,375.4,377.0,1150200
2024-05-27,16:00:00,377.2,377.4,376.4,377.4,2770600
2024-05-28,10:00:00,377.2,383.2,373.4,383.0,3074100
2024-05-28,10:30:00,383.0,386.0,382.6,383.8,3214000
2024-05-28,11:00:00,383.8,384.8,381.6,383.4,1676300
2024-05-28,11:30:00,383.4,384.6,383.0,383.8,781900
2024-05-28,12:00:00,383.8,384.6,383.6,384.0,538500
2024-05-28,13:30:00,384.2,384.2,380.6,381.4,984300
2024-05-28,14:00:00,381.4,382.0,380.4,380.6,736600
2024-05-28,14:30:00,380.6,380.6,378.0,379.0,836500
2024-05-28,15:00:00,379.0,380.6,379.0,379.2,663800
2024-05-28,15:30:00,379.2,380.2,379.0,379.6,639000
2024-05-28,16:00:00,379.8,381.0,379.6,380.2,2630900
2024-05-29,10:00:00,377.4,379.8,374.8,377.2,5275800
2024-05-29,10:30:00,377.2,378.4,376.2,377.4,2126900
2024-05-29,11:00:00,377.4,377.6,375.6,376.0,1474700
2024-05-29,11:30:00,376.0,376.6,374.6,375.0,1433600
2024-05-29,12:00:00,375.2,375.6,374.8,375.6,655900
2024-05-29,13:30:00,375.6,375.6,373.6,374.4,1912100
2024-05-29,14:00:00,374.6,375.0,371.2,371.4,3303000
2024-05-29,14:30:00,371.6,372.2,369.6,372.0,2974500
2024-05-29,15:00:00,371.8,373.8,370.8,371.4,2051100
2024-05-29,15:30:00,371.2,371.8,370.6,371.0,1407500
2024-05-29,16:00:00,371.0,371.4,370.0,371.0,4707200
2024-05-30,10:00:00,370.0,374.2,368.0,372.4,4112500
2024-05-30,10:30:00,372.6,374.2,368.4,368.8,2058200
2024-05-30,11:00:00,369.0,369.4,366.2,366.2,1970700
2024-05-30,11:30:00,366.2,370.2,366.2,369.0,1879500
2024-05-30,12:00:00,369.0,370.2,368.4,368.8,660200
2024-05-30,13:30:00,368.8,369.2,367.6,368.0,1243000
2024-05-30,14:00:00,368.0,368.8,365.8,366.0,1827000
2024-05-30,14:30:00,366.2,368.2,365.8,367.2,1483700
2024-05-30,15:00:00,367.8,368.6,366.8,368.0,1445900
2024-05-30,15:30:00,368.2,368.4,367.0,367.8,1264100
2024-05-30,16:00:00,367.8,368.4,367.0,368.0,3109600
2024-05-31,10:00:00,371.2,378.8,371.2,378.6,5301900
2024-05-31,10:30:00,378.8,379.0,374.2,374.2,2093800
2024-05-31,11:00:00,374.2,375.6,373.2,373.4,1050700
2024-05-31,11:30:00,373.4,374.0,370.0,371.2,1615200
2024-05-31,12:00:00,371.0,372.0,370.2,370.6,894300
2024-05-31,13:30:00,370.6,372.6,370.0,370.0,1192200
2024-05-31,14:00:00,370.0,371.2,369.4,369.4,1412600
2024-05-31,14:30:00,369.6,369.6,364.4,366.4,3897900
2024-05-31,15:00:00,366.4,367.8,364.6,365.8,3746300
2024-05-31,15:30:00,365.8,366.0,364.4,364.6,2326900
2024-05-31,16:00:00,364.6,364.8,359.8,359.8,16144900
2024-06-03,10:00:00,366.8,379.0,366.6,375.6,8572100
2024-06-03,10:30:00,375.6,375.6,372.6,373.6,2085600
2024-06-03,11:00:00,373.4,375.0,373.0,374.8,1481100
2024-06-03,11:30:00,374.8,375.4,373.2,373.2,1185000
2024-06-03,12:00:00,373.2,374.8,372.6,374.2,825000
2024-06-03,13:30:00,374.4,375.8,373.2,375.8,1262700
2024-06-03,14:00:00,375.8,377.0,374.8,375.6,1248500
2024-06-03,14:30:00,375.6,375.6,373.4,374.2,1124600
2024-06-03,15:00:00,374.4,375.4,374.0,374.8,1018800
2024-06-03,15:30:00,375.0,375.2,373.4,373.8,1208000
2024-06-03,16:00:00,373.8,375.0,373.2,375.0,4165300
2024-06-04,10:00:00,375.0,379.2,373.8,378.6,4459000
2024-06-04,10:30:00,378.6,379.0,376.2,376.2,1486700
2024-06-04,11:00:00,376.0,377.8,375.2,377.6,1237400
2024-06-04,11:30:00,377.6,378.2,375.8,377.2,1035200
2024-06-04,12:00:00,377.2,378.2,377.0,377.2,614500
2024-06-04,13:30:00,377.4,378.2,376.4,377.4,699600
2024-06-04,14:00:00,377.2,378.4,377.2,378.4,810100
2024-06-04,14:30:00,378.4,378.8,377.6,378.6,1104300
2024-06-04,15:00:00,378.8,379.6,378.4,379.2,1595500
2024-06-04,15:30:00,379.2,379.4,376.6,377.0,1550700
2024-06-04,16:00:00,377.0,377.4,376.2,377.4,3023500
2024-06-05,10:00:00,377.6,385.2,377.6,384.8,5211700
2024-06-05,10:30:00,384.6,387.8,383.6,384.8,3014800
2024-06-05,11:00:00,384.8,386.4,384.6,385.0,1325900
2024-06-05,11:30:00,385.0,385.6,383.2,383.6,1392100
2024-06-05,12:00:00,383.6,384.4,383.0,384.0,581700
2024-06-05,13:30:00,383.8,384.0,382.8,383.2,881500
2024-06-05,14:00:00,383.2,383.4,382.0,383.0,837000
2024-06-05,14:30:00,383.2,383.4,381.6,382.6,981500
2024-06-05,15:00:00,382.6,383.0,380.6,381.2,1086500
2024-06-05,15:30:00,381.0,381.2,380.2,380.8,933500
2024-06-05,16:00:00,380.6,381.2,378.6,380.8,3440700
2024-06-06,10:00:00,387.4,391.0,384.0,385.8,5642900
2024-06-06,10:30:00,385.8,386.0,382.2,383.8,2166000
2024-06-06,11:00:00,383.6,385.6,383.6,383.8,1442500
2024-06-06,11:30:00,383.6,384.4,382.6,383.6,906500
2024-06-06,12:00:00,383.6,384.0,382.6,382.8,740000
2024-06-06,13:30:00,383.0,383.6,381.4,382.0,1022800
2024-06-06,14:00:00,381.8,381.8,379.0,380.4,1337400
2024-06-06,14:30:00,380.4,381.6,380.2,380.8,899100
2024-06-06,15:00:00,381.0,381.2,379.6,381.0,843600
2024-06-06,15:30:00,381.2,381.4,380.8,380.8,860100
2024-06-06,16:00:00,380.8,381.6,380.4,381.6,2622400
2024-06-07,10:00:00,383.0,384.6,379.6,380.4,2023500
2024-06-07,10:30:00,380.4,381.0,377.8,380.2,1104100
2024-06-07,11:00:00,380.2,380.2,376.4,377.0,1289600
2024-06-07,11:30:00,377.0,377.2,375.2,376.0,1331900
2024-06-07,12:00:00,375.8,376.6,375.6,376.2,501000
2024-06-07,13:30:00,376.2,376.8,375.0,375.8,838700
2024-06-07,14:00:00,375.8,375.8,373.2,375.0,1221000
2024-06-07,14:30:00,375.0,375.0,373.2,374.0,994200
2024-06-07,15:00:00,374.0,374.4,373.2,374.0,907300
2024-06-07,15:30:00,374.0,374.4,373.4,373.6,1081700
2024-06-07,16:00:00,373.4,374.8,372.8,374.8,13873800
2024-06-11,10:00:00,367.4,375.2,367.4,372.4,4928500
2024-06-11,10:30:00,372.4,372.6,369.8,370.0,1461900
2024-06-11,11:00:00,370.2,372.0,369.4,371.8,1082900
2024-06-11,11:30:00,372.0,373.6,371.4,373.4,701400
2024-06-11,12:00:00,373.4,373.8,372.4,372.4,376500
2024-06-11,13:30:00,372.4,373.8,372.2,373.0,924000
2024-06-11,14:00:00,373.2,376.6,373.0,376.0,1654000
2024-06-11,14:30:00,376.2,377.8,375.6,377.0,1505300
2024-06-11,15:00:00,376.8,377.0,374.2,374.4,1137300
2024-06-11,15:30:00,374.4,375.0,373.2,373.4,902800
2024-06-11,16:00:00,373.4,375.0,373.0,373.8,2809700
2024-06-12,10:00:00,373.8,377.8,372.6,374.0,2941000
2024-06-12,10:30:00,374.2,374.4,372.0,372.4,1128000
2024-06-12,11:00:00,372.6,373.0,371.4,372.2,1079000
2024-06-12,11:30:00,372.4,373.0,371.6,371.6,1008600
2024-06-12,12:00:00,371.6,371.8,370.8,371.6,598100
2024-06-12,13:30:00,371.4,372.2,370.8,371.6,906400
2024-06-12,14:00:00,371.8,372.4,370.8,372.2,1070900
2024-06-12,14:30:00,372.2,373.0,371.4,372.2,1113500
2024-06-12,15:00:00,372.0,372.4,371.4,371.6,945800
2024-06-12,15:30:00,371.4,372.2,369.8,370.0,1255500
2024-06-12,16:00:00,369.8,370.8,369.6,370.8,2569900
2024-06-13,10:00:00,376.4,376.8,373.6,375.4,3962600
2024-06-13,10:30:00,375.2,376.6,374.0,374.4,1389400
2024-06-13,11:00:00,374.4,376.0,374.4,375.4,886800
2024-06-13,11:30:00,375.4,375.8,375.0,375.4,515200
2024-06-13,12:00:00,375.6,376.4,375.2,376.4,351700
2024-06-13,13:30:00,376.2,376.4,375.2,376.0,735700
2024-06-13,14:00:00,376.2,376.2,375.6,375.8,516200
2024-06-13,14:30:00,375.8,376.6,375.4,376.6,947800
2024-06-13,15:00:00,376.6,377.4,376.2,377.4,784100
2024-06-13,15:30:00,377.2,380.4,377.2,379.2,1987600
2024-06-13,16:00:00,378.8,380.6,378.4,379.8,3254500
2024-06-14,10:00:00,383.6,383.6,379.2,381.2,4807100
2024-06-14,10:30:00,381.4,382.6,379.6,381.0,2155400
2024-06-14,11:00:00,381.0,382.0,380.0,380.8,1338700
2024-06-14,11:30:00,380.6,381.4,380.2,381.2,1065300
2024-06-14,12:00:00,381.2,381.2,379.6,379.8,764000
2024-06-14,13:30:00,379.8,380.8,378.6,380.8,1284300
2024-06-14,14:00:00,380.6,382.0,379.8,380.8,1456800
2024-06-14,14:30:00,381.0,382.0,380.8,381.4,850900
2024-06-14,15:00:00,381.4,383.0,381.0,381.8,1133500
2024-06-14,15:30:00,381.8,382.8,380.6,381.4,1334600
2024-06-14,16:00:00,381.6,381.6,379.4,379.8,4559300
2024-06-17,10:00:00,376.2,381.0,374.8,380.6,3359800
2024-06-17,10:30:00,380.6,385.8,380.4,383.6,2692000
2024-06-17,11:00:00,383.6,385.0,383.4,383.4,1333700
2024-06-17,11:30:00,383.6,383.6,381.2,382.2,778100
2024-06-17,12:00:00,382.4,383.6,381.6,382.6,624400
2024-06-17,13:30:00,382.4,383.6,380.2,383.4,1383800
2024-06-17,14:00:00,383.2,383.6,382.2,382.4,602500
2024-06-17,14:30:00,382.4,383.0,381.8,382.0,584700
2024-06-17,15:00:00,382.0,382.8,381.6,381.8,581000
2024-06-17,15:30:00,381.6,382.2,381.0,381.4,771000
2024-06-17,16:00:00,381.2,381.6,380.6,381.2,1780400
2024-06-18,10:00:00,381.4,383.8,380.2,381.2,2629500
2024-06-18,10:30:00,381.4,382.4,380.2,382.0,1403900
2024-06-18,11:00:00,382.0,383.4,381.8,382.0,906300
2024-06-18,11:30:00,382.2,382.6,381.0,382.0,754300
2024-06-18,12:00:00,381.8,382.2,380.0,381.0,545700
2024-06-18,13:30:00,381.0,381.4,379.2,380.4,1151000
2024-06-18,14:00:00,380.4,380.6,377.8,378.4,1066200
2024-06-18,14:30:00,378.4,378.8,377.2,378.6,951300
2024-06-18,15:00:00,378.6,378.6,377.2,377.6,862200
2024-06-18,15:30:00,377.8,378.2,377.0,377.0,1188100
2024-06-18,16:00:00,377.0,378.2,377.0,377.0,2670500
2024-06-19,10:00:00,380.4,382.6,378.4,382.4,3109400
2024-06-19,10:30:00,382.4,384.2,382.4,383.8,2204500
2024-06-19,11:00:00,383.6,386.4,383.6,384.6,2505300
2024-06-19,11:30:00,384.6,385.6,384.2,385.4,872100
2024-06-19,12:00:00,385.2,385.6,384.8,385.0,514400
2024-06-19,13:30:00,384.8,386.0,384.4,385.8,1182400
2024-06-19,14:00:00,385.8,389.0,385.4,389.0,2503800
2024-06-19,14:30:00,389.0,389.6,388.0,388.4,1698700
2024-06-19,15:00:00,388.6,388.8,387.2,388.8,1048800
2024-06-19,15:30:00,388.8,389.8,388.2,389.8,1863300
2024-06-19,16:00:00,389.6,391.0,389.0,389.0,4785900
2024-06-20,10:00:00,392.0,392.0,387.4,388.0,3021200
2024-06-20,10:30:00,388.2,392.0,388.0,391.6,1667100
2024-06-20,11:00:00,391.8,391.8,387.8,387.8,1314400
2024-06-20,11:30:00,388.0,389.2,387.6,388.8,964500
2024-06-20,12:00:00,388.8,389.6,387.6,387.8,546000
2024-06-20,13:30:00,387.8,388.0,386.0,386.8,1043000
2024-06-20,14:00:00,386.8,387.2,385.6,386.8,856100
2024-06-20,14:30:00,386.8,387.6,386.4,387.6,548800
2024-06-20,15:00:00,387.6,388.8,387.0,388.2,851700
2024-06-20,15:30:00,388.4,388.4,386.6,387.8,810900
2024-06-20,16:00:00,387.6,388.0,386.6,387.6,2330700
2024-06-21,10:00:00,383.8,385.2,380.4,383.4,5299900
2024-06-21,10:30:00,383.4,384.0,382.2,382.6,1311100
2024-06-21,11:00:00,382.4,383.2,381.0,381.4,1364400
2024-06-21,11:30:00,381.4,381.6,378.0,380.0,2056300
2024-06-21,12:00:00,379.8,380.6,379.4,380.2,597100
2024-06-21,13:30:00,380.2,381.4,379.4,381.2,970800
2024-06-21,14:00:00,381.0,382.4,380.8,382.4,827200
2024-06-21,14:30:00,382.4,382.8,381.6,382.6,729300
2024-06-21,15:00:00,382.4,382.6,380.6,381.4,788700
2024-06-21,15:30:00,381.4,381.6,380.4,380.6,933600
2024-06-21,16:00:00,380.8,382.0,380.0,381.4,10709500
2024-06-24,10:00:00,377.6,380.4,376.8,378.0,2579000
2024-06-24,10:30:00,378.0,378.8,377.2,378.0,1286600
2024-06-24,11:00:00,378.2,378.4,375.0,375.6,1358100
2024-06-24,11:30:00,375.6,376.6,374.0,376.6,1019600
2024-06-24,12:00:00,376.6,376.6,374.8,375.2,444000
2024-06-24,13:30:00,375.0,376.6,374.8,376.0,800700
2024-06-24,14:00:00,376.2,377.2,375.6,376.4,563200
2024-06-24,14:30:00,376.2,377.0,375.6,376.0,557600
2024-06-24,15:00:00,376.0,376.2,375.0,375.8,656500
2024-06-24,15:30:00,376.0,377.8,375.8,377.8,804600
2024-06-24,16:00:00,377.8,381.0,377.4,380.4,2321800
2024-06-25,10:00:00,381.8,385.0,381.2,384.8,2638900
2024-06-25,10:30:00,384.8,385.0,383.6,384.6,844800
2024-06-25,11:00:00,384.6,384.6,383.2,383.2,824400
2024-06-25,11:30:00,383.4,383.4,382.2,382.8,543200
2024-06-25,12:00:00,383.0,383.8,382.6,383.6,383300
2024-06-25,13:30:00,383.4,383.6,382.0,383.2,906900
2024-06-25,14:00:00,383.2,383.4,381.8,382.6,542500
2024-06-25,14:30:00,382.6,382.8,378.6,379.8,1091700
2024-06-25,15:00:00,379.8,380.8,379.8,380.4,1102000
2024-06-25,15:30:00,380.2,380.6,379.6,379.6,729600
2024-06-25,16:00:00,379.6,382.0,379.4,382.0,2985200
2024-06-26,10:00:00,379.2,382.0,377.0,380.6,2306400
2024-06-26,10:30:00,380.4,383.0,379.6,380.2,1113800
2024-06-26,11:00:00,380.2,380.6,379.2,379.6,785100
2024-06-26,11:30:00,379.6,379.8,378.2,379.2,726900
2024-06-26,12:00:00,379.2,380.0,378.8,379.8,412600
2024-06-26,13:30:00,379.8,381.2,379.0,379.6,1008600
2024-06-26,14:00:00,379.8,381.0,379.6,380.6,684600
2024-06-26,14:30:00,380.8,381.8,380.6,381.8,615700
2024-06-26,15:00:00,381.8,382.6,381.0,381.4,895000
2024-06-26,15:30:00,381.2,381.6,380.2,381.2,711500
2024-06-26,16:00:00,381.0,382.0,380.4,382.0,2554100
2024-06-27,10:00:00,379.6,380.0,377.0,377.6,2994900
2024-06-27,10:30:00,377.6,379.0,377.0,377.6,935900
2024-06-27,11:00:00,377.8,378.2,377.2,377.4,858100
2024-06-27,11:30:00,377.6,378.4,376.2,376.8,1006300
2024-06-27,12:00:00,377.0,377.4,376.4,376.4,477900
2024-06-27,13:30:00,376.4,376.6,372.2,372.8,2720700
2024-06-27,14:00:00,373.0,374.8,372.6,374.4,1642300
2024-06-27,14:30:00,374.6,375.6,374.4,375.0,1180000
2024-06-27,15:00:00,375.2,375.4,373.6,374.6,1003700
2024-06-27,15:30:00,374.6,375.2,374.0,374.2,1067000
2024-06-27,16:00:00,374.2,374.8,373.2,374.4,3478500
2024-06-28,10:00:00,371.6,374.6,370.8,373.8,3037700
2024-06-28,10:30:00,373.8,376.0,373.6,374.8,1249700
2024-06-28,11:00:00,374.6,375.2,373.0,373.4,976900
2024-06-28,11:30:00,373.4,373.6,371.6,372.8,1007200
2024-06-28,12:00:00,372.6,374.0,372.6,374.0,551900
2024-06-28,13:30:00,374.0,375.0,373.4,374.8,738300
2024-06-28,14:00:00,374.8,375.0,373.8,374.4,978800
2024-06-28,14:30:00,374.4,375.0,373.6,373.8,700300
2024-06-28,15:00:00,373.6,374.2,373.4,374.0,771100
2024-06-28,15:30:00,373.8,374.4,373.0,374.4,1011600
2024-06-28,16:00:00,374.4,374.4,372.0,372.4,4480900
2024-07-02,10:00:00,367.0,374.6,367.0,374.2,7223240
2024-07-02,10:30:00,374.2,376.2,373.6,373.8,2123000
2024-07-02,11:00:00,374.0,374.2,368.8,369.6,2395500
2024-07-02,11:30:00,369.6,370.2,366.4,367.4,2418400
2024-07-02,12:00:00,367.4,368.8,367.2,368.8,593700
2024-07-02,13:30:00,368.8,369.0,367.2,367.8,1063600
2024-07-02,14:00:00,367.8,368.4,366.4,366.8,1492700
2024-07-02,14:30:00,366.8,367.8,365.2,366.0,1970900
2024-07-02,15:00:00,365.8,366.8,365.4,366.4,1743100
2024-07-02,15:30:00,366.4,369.0,366.0,368.0,1666100
2024-07-02,16:00:00,368.0,369.6,366.8,369.2,4172500
2024-07-03,10:00:00,366.8,370.8,366.8,369.6,3814200
2024-07-03,10:30:00,369.6,373.0,369.6,371.4,1533700
2024-07-03,11:00:00,371.6,371.6,369.6,371.2,1093700
2024-07-03,11:30:00,371.0,372.8,370.6,372.4,692500
2024-07-03,12:00:00,372.4,375.4,372.0,374.6,1686800
2024-07-03,13:30:00,374.4,375.0,373.8,374.6,1499200
2024-07-03,14:00:00,374.4,376.8,374.4,376.6,1449400
2024-07-03,14:30:00,376.6,378.0,376.4,376.6,1502600
2024-07-03,15:00:00,376.8,379.2,376.6,378.2,1839900
2024-07-03,15:30:00,378.2,379.2,378.0,379.0,1450200
2024-07-03,16:00:00,379.0,380.8,378.8,379.4,5280900
