2024-01-16,00:00:00,283.8,288.8,280.0,282.4,22236094
2024-01-17,00:00:00,277.0,278.8,272.2,274.6,36114167
2024-01-18,00:00:00,274.6,279.2,271.2,277.6,24604079
2024-01-19,00:00:00,275.0,282.6,268.2,271.2,26897479
2024-01-22,00:00:00,270.6,271.6,260.2,262.2,33654810
2024-01-23,00:00:00,266.8,278.2,263.2,272.0,35610787
2024-01-24,00:00:00,279.6,284.4,272.2,281.8,33863638
2024-01-25,00:00:00,285.0,292.0,280.8,290.8,34160783
2024-01-26,00:00:00,288.2,290.2,281.2,282.8,24815795
2024-01-29,00:00:00,286.0,288.4,279.4,282.0,20159014
2024-01-30,00:00:00,277.2,280.0,273.0,273.8,21505998
2024-01-31,00:00:00,273.8,278.0,268.4,270.6,20052974
2024-02-01,00:00:00,270.0,277.8,268.0,271.6,17329472
2024-02-02,00:00:00,284.6,287.6,275.0,279.4,31053753
2024-02-05,00:00:00,278.4,283.4,273.8,279.6,20456590
2024-02-06,00:00:00,279.8,292.6,279.6,290.8,28856902
2024-02-07,00:00:00,295.0,297.0,288.8,292.2,26343654
2024-02-08,00:00:00,290.0,293.2,286.4,287.2,17910672
2024-02-09,00:00:00,284.6,287.4,281.4,287.2,6732059
2024-02-14,00:00:00,287.0,291.2,282.0,290.0,11567444
2024-02-15,00:00:00,288.6,290.0,285.0,285.4,12568028
2024-02-16,00:00:00,285.6,291.8,280.4,291.8,17215356
2024-02-19,00:00:00,291.4,291.4,283.8,284.8,15415304
2024-02-20,00:00:00,287.0,287.8,280.4,284.2,15773028
2024-02-21,00:00:00,280.8,294.6,280.8,288.8,23947218
2024-02-22,00:00:00,288.2,291.4,286.8,291.4,12441270
2024-02-23,00:00:00,290.0,296.4,287.0,290.8,13229798
2024-02-26,00:00:00,287.4,290.2,285.4,287.2,12412426
2024-02-27,00:00:00,286.2,286.2,278.2,284.6,23612599
2024-02-28,00:00:00,285.0,285.8,276.4,277.0,25903478
2024-02-29,00:00:00,275.2,279.0,274.6,277.2,29721885
2024-03-01,00:00:00,273.0,279.0,271.8,277.4,27952651
2024-03-04,00:00:00,277.4,280.0,274.8,276.2,13832089
2024-03-05,00:00:00,270.2,273.2,266.2,268.2,26055083
2024-03-06,00:00:00,266.0,277.0,265.8,274.6,23289346
2024-03-07,00:00:00,274.8,275.6,269.2,271.0,17159729
2024-03-08,00:00:00,272.0,275.6,270.0,270.0,12416156
2024-03-11,00:00:00,271.2,278.6,271.2,278.6,17866889
2024-03-12,00:00:00,282.0,292.6,280.2,290.8,36531141
2024-03-13,00:00:00,291.4,294.0,288.6,290.6,20074418
2024-03-14,00:00:00,289.4,294.0,286.8,289.2,14227432
2024-03-15,00:00:00,283.0,286.2,279.6,283.8,29183023
2024-03-18,00:00:00,282.2,291.4,282.2,289.8,19633305
2024-03-19,00:00:00,289.0,291.2,285.0,285.0,15635351
2024-03-20,00:00:00,285.4,290.2,283.0,288.8,15622235
2024-03-21,00:00:00,295.2,298.2,289.6,291.2,36868686
2024-03-22,00:00:00,287.4,290.4,282.4,288.8,26432205
2024-03-25,00:00:00,288.8,290.6,285.0,288.6,21127168
2024-03-26,00:00:00,286.0,300.6,286.0,299.4,33998571
2024-03-27,00:00:00,296.0,307.6,295.8,302.0,38753084
2024-03-28,00:00:00,302.0,309.6,301.4,303.8,30000843
2024-04-02,00:00:00,309.0,312.4,307.8,309.2,26561604
2024-04-03,00:00:00,312.0,312.0,306.4,308.4,19696947
2024-04-05,00:00:00,309.6,311.6,304.4,310.0,13582369
2024-04-08,00:00:00,305.2,311.0,304.4,305.4,21656541
2024-04-09,00:00:00,307.4,308.8,303.0,305.0,17879375
2024-04-10,00:00:00,306.4,315.2,306.4,314.2,24730145
2024-04-11,00:00:00,309.8,316.6,309.0,315.0,18834968
2024-04-12,00:00:00,314.0,318.0,309.4,309.6,23031342
2024-04-15,00:00:00,304.6,308.8,303.8,304.4,18295291
2024-04-16,00:00:00,301.2,308.4,300.0,301.8,19691636
2024-04-17,00:00:00,301.8,304.0,297.8,300.8,14410544
2024-04-18,00:00:00,302.2,308.8,298.6,304.4,19058907
2024-04-19,00:00:00,303.4,305.4,299.6,303.8,19472600
2024-04-22,00:00:00,308.0,322.6,306.8,320.4,41133325
2024-04-23,00:00:00,326.0,333.6,325.2,332.4,43821652
2024-04-24,00:00:00,337.8,345.0,335.4,344.2,41472682
2024-04-25,00:00:00,340.2,346.4,336.4,339.4,27727556
2024-04-26,00:00:00,340.0,351.8,340.0,348.4,29599531
2024-04-29,00:00:00,348.4,354.8,345.2,347.6,25416523
2024-04-30,00:00:00,349.6,350.8,344.0,347.2,15957023
2024-05-02,00:00:00,349.0,361.2,345.4,360.4,22479610
2024-05-03,00:00:00,371.0,372.6,360.6,364.4,23592345
2024-05-06,00:00:00,364.6,373.0,363.0,370.2,26208326
2024-05-07,00:00:00,367.4,371.2,363.4,365.8,19408056
2024-05-08,00:00:00,366.4,371.8,359.8,361.4,20058148
2024-05-09,00:00:00,361.0,370.0,360.4,369.8,16026030
2024-05-10,00:00:00,373.8,374.2,365.0,371.0,15693045
2024-05-13,00:00:00,368.6,380.0,368.0,378.2,20558084
2024-05-14,00:00:00,381.0,384.8,378.6,381.8,21603101
2024-05-16,00:00:00,400.0,401.0,394.6,397.0,58430778
2024-05-17,00:00:00,397.0,400.2,394.2,395.0,27916392
2024-05-20,00:00:00,397.0,399.8,392.8,395.0,22331961
2024-05-21,00:00:00,393.4,393.4,379.6,383.6,30679849
2024-05-22,00:00:00,379.2,386.8,376.6,384.4,22374764
2024-05-23,00:00:00,380.6,384.0,376.4,381.8,18323988
2024-05-24,00:00:00,378.2,382.6,374.8,377.0,19143321
2024-05-27,00:00:00,372.0,377.6,362.4,377.4,32132068
2024-05-28,00:00:00,377.2,386.0,373.4,380.2,16614787
2024-05-29,00:00:00,377.4,379.8,369.6,371.0,27378220
2024-05-30,00:00:00,370.0,374.2,365.8,368.0,22006500
2024-05-31,00:00:00,371.2,379.0,359.8,359.8,40035868
2024-06-03,00:00:00,366.8,379.0,366.6,375.0,28125374
2024-06-04,00:00:00,375.0,379.6,373.8,377.4,18043066
2024-06-05,00:00:00,377.6,387.8,377.6,380.8,20205424
2024-06-06,00:00:00,387.4,391.0,379.0,381.6,18888938
2024-06-07,00:00:00,383.0,384.6,372.8,374.8,25247259
2024-06-11,00:00:00,367.4,377.8,367.4,373.8,26496779
2024-06-12,00:00:00,373.8,377.8,369.6,370.8,14960058
2024-06-13,00:00:00,376.4,380.6,373.6,379.8,15337042
2024-06-14,00:00:00,383.6,383.6,378.6,379.8,20859332
2024-06-17,00:00:00,376.2,385.8,374.8,381.2,15281150
2024-06-18,00:00:00,381.4,383.8,377.0,377.0,14278934
2024-06-19,00:00:00,380.4,391.0,378.4,389.0,22313477
2024-06-20,00:00:00,392.0,392.0,385.6,387.6,14049005
2024-06-21,00:00:00,383.8,385.2,378.0,381.4,25855005
2024-06-24,00:00:00,377.6,381.0,374.0,380.4,12919565
2024-06-25,00:00:00,381.8,385.0,378.6,382.0,12789522
2024-06-26,00:00:00,379.2,383.0,377.0,382.0,11886907
2024-06-27,00:00:00,379.6,380.0,372.2,374.4,17513758
2024-06-28,00:00:00,371.6,376.0,370.8,372.4,15561097
2024-07-02,00:00:00,367.0,376.2,365.2,369.2,27266647
2024-07-03,00:00:00,366.8,380.8,366.8,379.4,22256951
